time_s	frequency_hz	amplitude_dbfs	signal_index
0.03669	102488.0	-34.1	18345
0.03675	101399.0	-32.8	18376
0.03681	100048.0	-31.5	18407
0.03688	98787.0	-30.7	18438
0.03694	97621.0	-29.7	18469
0.037	96415.0	-28.8	18500
0.03706	95245.0	-27.9	18531
0.03712	94040.0	-26.9	18562
0.03719	92857.0	-26.2	18593
0.03725	91746.0	-25.5	18624
0.03731	90561.0	-24.8	18655
0.03737	89404.0	-24.1	18686
0.03743	88312.0	-23.6	18717
0.0375	87208.0	-22.9	18748
0.03756	86050.0	-22.3	18779
0.03762	84970.0	-21.9	18810
0.03768	83916.0	-21.5	18841
0.03774	82824.0	-20.9	18872
0.03781	81757.0	-20.4	18903
0.03787	80688.0	-20.0	18934
0.03793	79686.0	-19.6	18965
0.03799	78639.0	-19.2	18996
0.03805	77614.0	-18.8	19027
0.03812	76598.0	-18.5	19058
0.03818	75610.0	-18.2	19089
0.03824	74650.0	-17.8	19120
0.0383	73630.0	-17.5	19151
0.03836	72669.0	-17.2	19182
0.03843	71722.0	-17.0	19213
0.03849	70808.0	-16.7	19244
0.03855	69850.0	-16.5	19275
0.03861	68909.0	-16.2	19306
0.03867	68012.0	-16.0	19337
0.03874	67104.0	-15.8	19368
0.0388	66236.0	-15.6	19399
0.03886	65339.0	-15.4	19430
0.03892	64479.0	-15.2	19461
0.03898	63602.0	-15.1	19492
0.03905	62771.0	-14.9	19523
0.03911	61939.0	-14.8	19554
0.03917	61099.0	-14.7	19585
0.03923	60296.0	-14.5	19616
0.03929	59492.0	-14.4	19647
0.03936	58699.0	-14.4	19678
0.03942	57905.0	-14.3	19709
0.03948	57138.0	-14.2	19740
0.03954	56373.0	-14.2	19771
0.0396	55632.0	-14.1	19802
0.03967	54904.0	-14.0	19833
0.03973	54159.0	-14.0	19864
0.03979	53437.0	-14.0	19895
0.03985	52737.0	-14.0	19926
0.03991	52062.0	-14.0	19957
0.03998	51357.0	-14.0	19988
0.04004	50678.0	-14.0	20019
0.0401	50023.0	-14.0	20050
0.04016	49365.0	-14.1	20081
0.04022	48727.0	-14.1	20112
0.04029	48091.0	-14.2	20143
0.04035	47495.0	-14.3	20174
0.04041	46876.0	-14.4	20205
0.04047	46268.0	-14.5	20236
0.04053	45653.0	-14.6	20267
0.0406	45099.0	-14.7	20298
0.04066	44547.0	-14.8	20329
0.04072	44005.0	-14.9	20360
0.04078	43450.0	-15.1	20391
0.04084	42907.0	-15.3	20422
0.04091	42368.0	-15.5	20453
0.04097	41858.0	-15.6	20484
0.04103	41362.0	-15.8	20515
0.04109	40899.0	-16.1	20546
0.04115	40409.0	-16.3	20577
0.04122	39939.0	-16.5	20608
0.04128	39455.0	-16.7	20639
0.04134	39032.0	-17.0	20670
0.0414	38607.0	-17.3	20701
0.04146	38158.0	-17.7	20732
0.04153	37720.0	-18.0	20763
0.04159	37346.0	-18.3	20794
0.04165	36970.0	-18.6	20825
0.04171	36582.0	-19.0	20856
0.04177	36214.0	-19.4	20887
0.04184	35838.0	-19.8	20918
0.0419	35477.0	-20.2	20949
0.04196	35171.0	-20.7	20980
0.04202	34808.0	-21.2	21011
0.04208	34506.0	-21.6	21042
0.04215	34190.0	-22.0	21073
0.04221	33927.0	-22.6	21104
0.04227	33584.0	-23.2	21135
0.04233	33383.0	-23.8	21166
0.04239	33040.0	-24.4	21197
0.04246	32852.0	-25.1	21228
0.04252	32571.0	-25.8	21259
0.04258	32384.0	-26.6	21290
0.04264	32151.0	-27.2	21321
0.11669	102490.0	-34.1	58345
0.11675	101247.0	-32.9	58376
0.11681	100109.0	-31.6	58407
0.11688	98769.0	-30.6	58438
0.11694	97661.0	-29.8	58469
0.117	96420.0	-28.8	58500
0.11706	95228.0	-27.9	58531
0.11712	94054.0	-27.0	58562
0.11719	92817.0	-26.2	58593
0.11725	91796.0	-25.5	58624
0.11731	90550.0	-24.9	58655
0.11737	89398.0	-24.3	58686
0.11743	88312.0	-23.6	58717
0.1175	87205.0	-22.9	58748
0.11756	86045.0	-22.4	58779
0.11762	85000.0	-22.0	58810
0.11768	83913.0	-21.5	58841
0.11774	82794.0	-21.0	58872
0.11781	81765.0	-20.5	58903
0.11787	80708.0	-20.0	58934
0.11793	79662.0	-19.7	58965
0.11799	78648.0	-19.3	58996
0.11805	77628.0	-18.9	59027
0.11812	76589.0	-18.5	59058
0.11818	75624.0	-18.1	59089
0.11824	74621.0	-17.8	59120
0.1183	73653.0	-17.5	59151
0.11836	72664.0	-17.2	59182
0.11843	71738.0	-17.0	59213
0.11849	70783.0	-16.7	59244
0.11855	69842.0	-16.5	59275
0.11861	68907.0	-16.2	59306
0.11867	68031.0	-16.0	59337
0.11874	67114.0	-15.8	59368
0.1188	66223.0	-15.6	59399
0.11886	65313.0	-15.4	59430
0.11892	64488.0	-15.2	59461
0.11898	63620.0	-15.1	59492
0.11905	62772.0	-14.9	59523
0.11911	61921.0	-14.8	59554
0.11917	61094.0	-14.6	59585
0.11923	60297.0	-14.5	59616
0.11929	59490.0	-14.4	59647
0.11936	58702.0	-14.3	59678
0.11942	57916.0	-14.3	59709
0.11948	57125.0	-14.2	59740
0.11954	56388.0	-14.1	59771
0.1196	55653.0	-14.1	59802
0.11967	54872.0	-14.1	59833
0.11973	54170.0	-14.0	59864
0.11979	53425.0	-14.0	59895
0.11985	52751.0	-14.0	59926
0.11991	52049.0	-14.0	59957
0.11998	51370.0	-14.0	59988
0.12004	50678.0	-14.0	60019
0.1201	50011.0	-14.1	60050
0.12016	49366.0	-14.1	60081
0.12022	48728.0	-14.1	60112
0.12029	48112.0	-14.2	60143
0.12035	47481.0	-14.3	60174
0.12041	46859.0	-14.4	60205
0.12047	46267.0	-14.4	60236
0.12053	45678.0	-14.6	60267
0.1206	45096.0	-14.7	60298
0.12066	44549.0	-14.8	60329
0.12072	43987.0	-15.0	60360
0.12078	43460.0	-15.1	60391
0.12084	42888.0	-15.3	60422
0.12091	42374.0	-15.5	60453
0.12097	41864.0	-15.7	60484
0.12103	41369.0	-15.9	60515
0.12109	40879.0	-16.0	60546
0.12115	40418.0	-16.3	60577
0.12122	39943.0	-16.5	60608
0.12128	39468.0	-16.8	60639
0.12134	39029.0	-17.1	60670
0.1214	38601.0	-17.3	60701
0.12146	38141.0	-17.7	60732
0.12153	37757.0	-17.9	60763
0.12159	37332.0	-18.2	60794
0.12165	36967.0	-18.6	60825
0.12171	36595.0	-19.0	60856
0.12177	36213.0	-19.4	60887
0.12184	35842.0	-19.7	60918
0.1219	35495.0	-20.2	60949
0.12196	35147.0	-20.6	60980
0.12202	34800.0	-21.1	61011
0.12208	34482.0	-21.7	61042
0.12215	34216.0	-22.1	61073
0.12221	33929.0	-22.7	61104
0.12227	33575.0	-23.2	61135
0.12233	33316.0	-23.8	61166
0.12239	33096.0	-24.4	61197
0.12246	32860.0	-25.1	61228
0.12252	32637.0	-25.8	61259
0.12258	32366.0	-26.6	61290
0.12264	32160.0	-27.3	61321
0.19669	102495.0	-34.2	98345
0.19675	101330.0	-32.8	98376
0.19681	100036.0	-31.8	98407
0.19688	98910.0	-30.6	98438
0.19694	97539.0	-29.5	98469
0.197	96396.0	-28.7	98500
0.19706	95212.0	-28.0	98531
0.19712	94049.0	-27.0	98562
0.19719	92863.0	-26.3	98593
0.19725	91726.0	-25.6	98624
0.19731	90573.0	-25.0	98655
0.19737	89442.0	-24.3	98686
0.19743	88286.0	-23.7	98717
0.1975	87169.0	-23.1	98748
0.19756	86073.0	-22.5	98779
0.19762	84971.0	-21.8	98810
0.19768	83924.0	-21.3	98841
0.19774	82830.0	-20.9	98872
0.19781	81747.0	-20.5	98903
0.19787	80724.0	-20.1	98934
0.19793	79671.0	-19.6	98965
0.19799	78627.0	-19.3	98996
0.19805	77624.0	-18.9	99027
0.19812	76584.0	-18.5	99058
0.19818	75615.0	-18.2	99089
0.19824	74646.0	-17.8	99120
0.1983	73625.0	-17.5	99151
0.19836	72672.0	-17.2	99182
0.19843	71726.0	-17.0	99213
0.19849	70814.0	-16.7	99244
0.19855	69837.0	-16.5	99275
0.19861	68910.0	-16.2	99306
0.19867	68019.0	-16.0	99337
0.19874	67102.0	-15.8	99368
0.1988	66225.0	-15.6	99399
0.19886	65339.0	-15.4	99430
0.19892	64475.0	-15.2	99461
0.19898	63630.0	-15.1	99492
0.19905	62767.0	-14.9	99523
0.19911	61929.0	-14.8	99554
0.19917	61086.0	-14.7	99585
0.19923	60299.0	-14.5	99616
0.19929	59504.0	-14.4	99647
0.19936	58679.0	-14.4	99678
0.19942	57916.0	-14.3	99709
0.19948	57140.0	-14.2	99740
0.19954	56373.0	-14.1	99771
0.1996	55656.0	-14.1	99802
0.19967	54894.0	-14.0	99833
0.19973	54164.0	-14.1	99864
0.19979	53438.0	-14.0	99895
0.19985	52728.0	-14.0	99926
0.19991	52060.0	-14.0	99957
0.19998	51370.0	-14.0	99988
0.20004	50674.0	-14.0	100019
0.2001	50019.0	-14.0	100050
0.20016	49362.0	-14.1	100081
0.20022	48722.0	-14.2	100112
0.20029	48107.0	-14.2	100143
0.20035	47487.0	-14.3	100174
0.20041	46869.0	-14.4	100205
0.20047	46264.0	-14.5	100236
0.20053	45670.0	-14.6	100267
0.2006	45105.0	-14.7	100298
0.20066	44545.0	-14.8	100329
0.20072	43989.0	-15.0	100360
0.20078	43447.0	-15.1	100391
0.20084	42911.0	-15.3	100422
0.20091	42374.0	-15.5	100453
0.20097	41866.0	-15.7	100484
0.20103	41356.0	-15.8	100515
0.20109	40899.0	-16.0	100546
0.20115	40404.0	-16.3	100577
0.20122	39941.0	-16.5	100608
0.20128	39472.0	-16.8	100639
0.20134	39004.0	-17.0	100670
0.2014	38607.0	-17.4	100701
0.20146	38164.0	-17.6	100732
0.20153	37737.0	-17.9	100763
0.20159	37328.0	-18.3	100794
0.20165	36966.0	-18.6	100825
0.20171	36574.0	-19.0	100856
0.20177	36253.0	-19.4	100887
0.20184	35854.0	-19.8	100918
0.2019	35462.0	-20.2	100949
0.20196	35134.0	-20.6	100980
0.20202	34837.0	-21.1	101011
0.20208	34480.0	-21.6	101042
0.20215	34220.0	-22.1	101073
0.20221	33884.0	-22.6	101104
0.20227	33619.0	-23.2	101135
0.20233	33350.0	-23.9	101166
0.20239	33084.0	-24.4	101197
0.20246	32857.0	-25.0	101228
0.20252	32555.0	-25.7	101259
0.20258	32375.0	-26.5	101290
0.20264	32192.0	-27.4	101321
0.27669	102428.0	-34.1	138345
0.27675	101283.0	-32.7	138376
0.27681	99990.0	-31.7	138407
0.27688	98804.0	-30.6	138438
0.27694	97599.0	-29.6	138469
0.277	96483.0	-28.8	138500
0.27706	95207.0	-27.9	138531
0.27712	94002.0	-27.0	138562
0.27719	92884.0	-26.2	138593
0.27725	91736.0	-25.5	138624
0.27731	90612.0	-25.0	138655
0.27737	89423.0	-24.3	138686
0.27743	88252.0	-23.6	138717
0.2775	87202.0	-23.0	138748
0.27756	86077.0	-22.5	138779
0.27762	84956.0	-21.9	138810
0.27768	83896.0	-21.4	138841
0.27774	82854.0	-20.9	138872
0.27781	81766.0	-20.5	138903
0.27787	80679.0	-20.0	138934
0.27793	79673.0	-19.6	138965
0.27799	78664.0	-19.2	138996
0.27805	77607.0	-18.9	139027
0.27812	76603.0	-18.5	139058
0.27818	75610.0	-18.2	139089
0.27824	74613.0	-17.8	139120
0.2783	73661.0	-17.5	139151
0.27836	72670.0	-17.2	139182
0.27843	71740.0	-17.0	139213
0.27849	70765.0	-16.7	139244
0.27855	69849.0	-16.4	139275
0.27861	68911.0	-16.2	139306
0.27867	68015.0	-16.0	139337
0.27874	67119.0	-15.8	139368
0.2788	66234.0	-15.6	139399
0.27886	65328.0	-15.4	139430
0.27892	64478.0	-15.2	139461
0.27898	63612.0	-15.1	139492
0.27905	62779.0	-14.9	139523
0.27911	61921.0	-14.8	139554
0.27917	61092.0	-14.6	139585
0.27923	60310.0	-14.5	139616
0.27929	59489.0	-14.4	139647
0.27936	58701.0	-14.3	139678
0.27942	57903.0	-14.3	139709
0.27948	57133.0	-14.2	139740
0.27954	56389.0	-14.1	139771
0.2796	55639.0	-14.1	139802
0.27967	54885.0	-14.0	139833
0.27973	54168.0	-14.0	139864
0.27979	53445.0	-14.0	139895
0.27985	52729.0	-14.0	139926
0.27991	52053.0	-14.0	139957
0.27998	51377.0	-14.0	139988
0.28004	50681.0	-14.0	140019
0.2801	50009.0	-14.0	140050
0.28016	49366.0	-14.1	140081
0.28022	48718.0	-14.1	140112
0.28029	48121.0	-14.2	140143
0.28035	47472.0	-14.3	140174
0.28041	46868.0	-14.4	140205
0.28047	46276.0	-14.5	140236
0.28053	45654.0	-14.5	140267
0.2806	45109.0	-14.7	140298
0.28066	44547.0	-14.8	140329
0.28072	43988.0	-15.0	140360
0.28078	43454.0	-15.1	140391
0.28084	42903.0	-15.3	140422
0.28091	42372.0	-15.5	140453
0.28097	41865.0	-15.6	140484
0.28103	41358.0	-15.8	140515
0.28109	40887.0	-16.0	140546
0.28115	40406.0	-16.3	140577
0.28122	39949.0	-16.5	140608
0.28128	39468.0	-16.8	140639
0.28134	39030.0	-17.1	140670
0.2814	38594.0	-17.4	140701
0.28146	38147.0	-17.6	140732
0.28153	37754.0	-18.0	140763
0.28159	37352.0	-18.3	140794
0.28165	36937.0	-18.6	140825
0.28171	36595.0	-19.0	140856
0.28177	36225.0	-19.3	140887
0.28184	35836.0	-19.8	140918
0.2819	35502.0	-20.2	140949
0.28196	35138.0	-20.6	140980
0.28202	34830.0	-21.1	141011
0.28208	34492.0	-21.6	141042
0.28215	34167.0	-22.1	141073
0.28221	33912.0	-22.6	141104
0.28227	33606.0	-23.2	141135
0.28233	33363.0	-23.8	141166
0.28239	33111.0	-24.4	141197
0.28246	32846.0	-25.1	141228
0.28252	32578.0	-25.8	141259
0.28258	32315.0	-26.7	141290
0.28264	32190.0	-27.4	141321
0.35669	102536.0	-34.2	178345
0.35675	101315.0	-33.0	178376
0.35681	100082.0	-31.5	178407
0.35688	98808.0	-30.6	178438
0.35694	97697.0	-29.8	178469
0.357	96339.0	-28.8	178500
0.35706	95212.0	-27.9	178531
0.35712	94083.0	-27.1	178562
0.35719	92835.0	-26.4	178593
0.35725	91747.0	-25.6	178624
0.35731	90553.0	-24.9	178655
0.35737	89448.0	-24.3	178686
0.35743	88274.0	-23.6	178717
0.3575	87172.0	-23.1	178748
0.35756	86128.0	-22.5	178779
0.35762	84947.0	-21.9	178810
0.35768	83893.0	-21.4	178841
0.35774	82850.0	-21.0	178872
0.35781	81758.0	-20.5	178903
0.35787	80715.0	-20.1	178934
0.35793	79666.0	-19.7	178965
0.35799	78621.0	-19.3	178996
0.35805	77617.0	-18.8	179027
0.35812	76609.0	-18.4	179058
0.35818	75623.0	-18.2	179089
0.35824	74637.0	-17.9	179120
0.3583	73627.0	-17.5	179151
0.35836	72685.0	-17.3	179182
0.35843	71724.0	-17.0	179213
0.35849	70765.0	-16.7	179244
0.35855	69857.0	-16.5	179275
0.35861	68918.0	-16.2	179306
0.35867	68004.0	-16.0	179337
0.35874	67131.0	-15.8	179368
0.3588	66223.0	-15.6	179399
0.35886	65329.0	-15.4	179430
0.35892	64484.0	-15.2	179461
0.35898	63618.0	-15.1	179492
0.35905	62753.0	-14.9	179523
0.35911	61936.0	-14.8	179554
0.35917	61108.0	-14.7	179585
0.35923	60288.0	-14.6	179616
0.35929	59492.0	-14.5	179647
0.35936	58698.0	-14.4	179678
0.35942	57914.0	-14.3	179709
0.35948	57133.0	-14.2	179740
0.35954	56379.0	-14.1	179771
0.3596	55641.0	-14.1	179802
0.35967	54903.0	-14.1	179833
0.35973	54156.0	-14.0	179864
0.35979	53424.0	-14.0	179895
0.35985	52739.0	-14.0	179926
0.35991	52060.0	-14.0	179957
0.35998	51370.0	-14.0	179988
0.36004	50690.0	-14.0	180019
0.3601	50005.0	-14.1	180050
0.36016	49361.0	-14.1	180081
0.36022	48734.0	-14.1	180112
0.36029	48110.0	-14.2	180143
0.36035	47476.0	-14.3	180174
0.36041	46863.0	-14.4	180205
0.36047	46281.0	-14.5	180236
0.36053	45666.0	-14.6	180267
0.3606	45097.0	-14.7	180298
0.36066	44551.0	-14.8	180329
0.36072	43985.0	-14.9	180360
0.36078	43440.0	-15.1	180391
0.36084	42910.0	-15.3	180422
0.36091	42369.0	-15.4	180453
0.36097	41870.0	-15.6	180484
0.36103	41359.0	-15.8	180515
0.36109	40889.0	-16.0	180546
0.36115	40413.0	-16.3	180577
0.36122	39938.0	-16.5	180608
0.36128	39477.0	-16.8	180639
0.36134	39042.0	-17.0	180670
0.3614	38556.0	-17.3	180701
0.36146	38169.0	-17.6	180732
0.36153	37764.0	-18.0	180763
0.36159	37317.0	-18.3	180794
0.36165	36959.0	-18.6	180825
0.36171	36572.0	-19.0	180856
0.36177	36214.0	-19.4	180887
0.36184	35873.0	-19.7	180918
0.3619	35488.0	-20.2	180949
0.36196	35149.0	-20.6	180980
0.36202	34822.0	-21.1	181011
0.36208	34512.0	-21.6	181042
0.36215	34193.0	-22.1	181073
0.36221	33870.0	-22.7	181104
0.36227	33630.0	-23.2	181135
0.36233	33375.0	-23.9	181166
0.36239	33048.0	-24.4	181197
0.36246	32856.0	-25.0	181228
0.36252	32586.0	-25.8	181259
0.36258	32366.0	-26.5	181290
0.36264	32187.0	-27.3	181321
0.43669	102514.0	-34.0	218345
0.43675	101304.0	-32.7	218376
0.43681	100069.0	-31.7	218407
0.43688	98857.0	-30.6	218438
0.43694	97625.0	-29.5	218469
0.437	96361.0	-28.7	218500
0.43706	95211.0	-27.9	218531
0.43712	94104.0	-27.0	218562
0.43719	92850.0	-26.2	218593
0.43725	91699.0	-25.5	218624
0.43731	90597.0	-24.9	218655
0.43737	89422.0	-24.3	218686
0.43743	88288.0	-23.6	218717
0.4375	87187.0	-23.0	218748
0.43756	86049.0	-22.5	218779
0.43762	84979.0	-22.0	218810
0.43768	83906.0	-21.4	218841
0.43774	82856.0	-21.0	218872
0.43781	81717.0	-20.5	218903
0.43787	80720.0	-20.0	218934
0.43793	79678.0	-19.6	218965
0.43799	78627.0	-19.2	218996
0.43805	77623.0	-18.9	219027
0.43812	76611.0	-18.5	219058
0.43818	75616.0	-18.2	219089
0.43824	74627.0	-17.8	219120
0.4383	73633.0	-17.5	219151
0.43836	72664.0	-17.2	219182
0.43843	71733.0	-17.0	219213
0.43849	70779.0	-16.7	219244
0.43855	69836.0	-16.5	219275
0.43861	68935.0	-16.2	219306
0.43867	68020.0	-16.0	219337
0.43874	67119.0	-15.8	219368
0.4388	66207.0	-15.6	219399
0.43886	65330.0	-15.4	219430
0.43892	64482.0	-15.2	219461
0.43898	63629.0	-15.1	219492
0.43905	62765.0	-14.9	219523
0.43911	61911.0	-14.8	219554
0.43917	61112.0	-14.7	219585
0.43923	60301.0	-14.5	219616
0.43929	59493.0	-14.4	219647
0.43936	58686.0	-14.4	219678
0.43942	57909.0	-14.3	219709
0.43948	57133.0	-14.2	219740
0.43954	56384.0	-14.1	219771
0.4396	55642.0	-14.1	219802
0.43967	54891.0	-14.1	219833
0.43973	54169.0	-14.0	219864
0.43979	53437.0	-14.0	219895
0.43985	52733.0	-14.0	219926
0.43991	52062.0	-14.0	219957
0.43998	51354.0	-14.0	219988
0.44004	50696.0	-14.0	220019
0.4401	50009.0	-14.1	220050
0.44016	49362.0	-14.1	220081
0.44022	48723.0	-14.1	220112
0.44029	48110.0	-14.2	220143
0.44035	47492.0	-14.3	220174
0.44041	46853.0	-14.4	220205
0.44047	46273.0	-14.5	220236
0.44053	45676.0	-14.6	220267
0.4406	45107.0	-14.7	220298
0.44066	44531.0	-14.8	220329
0.44072	43991.0	-15.0	220360
0.44078	43436.0	-15.1	220391
0.44084	42920.0	-15.3	220422
0.44091	42367.0	-15.5	220453
0.44097	41882.0	-15.7	220484
0.44103	41369.0	-15.8	220515
0.44109	40862.0	-16.1	220546
0.44115	40415.0	-16.3	220577
0.44122	39953.0	-16.5	220608
0.44128	39466.0	-16.8	220639
0.44134	39035.0	-17.0	220670
0.4414	38585.0	-17.3	220701
0.44146	38174.0	-17.7	220732
0.44153	37718.0	-17.9	220763
0.44159	37344.0	-18.3	220794
0.44165	36955.0	-18.6	220825
0.44171	36594.0	-18.9	220856
0.44177	36204.0	-19.3	220887
0.44184	35861.0	-19.7	220918
0.4419	35502.0	-20.2	220949
0.44196	35134.0	-20.7	220980
0.44202	34833.0	-21.1	221011
0.44208	34528.0	-21.6	221042
0.44215	34181.0	-22.1	221073
0.44221	33854.0	-22.7	221104
0.44227	33629.0	-23.2	221135
0.44233	33333.0	-23.8	221166
0.44239	33072.0	-24.5	221197
0.44246	32879.0	-25.2	221228
0.44252	32606.0	-25.9	221259
0.44258	32358.0	-26.6	221290
0.44264	32135.0	-27.3	221321
0.51669	102536.0	-34.2	258345
0.51675	101343.0	-32.7	258376
0.51681	99984.0	-31.7	258407
0.51688	98887.0	-30.6	258438
0.51694	97652.0	-29.7	258469
0.517	96395.0	-28.8	258500
0.51706	95200.0	-27.9	258531
0.51712	94044.0	-26.9	258562
0.51719	92875.0	-26.3	258593
0.51725	91709.0	-25.6	258624
0.51731	90580.0	-24.9	258655
0.51737	89442.0	-24.2	258686
0.51743	88280.0	-23.6	258717
0.5175	87198.0	-23.1	258748
0.51756	86082.0	-22.5	258779
0.51762	84970.0	-21.9	258810
0.51768	83894.0	-21.4	258841
0.51774	82841.0	-20.9	258872
0.51781	81744.0	-20.5	258903
0.51787	80738.0	-20.1	258934
0.51793	79656.0	-19.7	258965
0.51799	78630.0	-19.3	258996
0.51805	77607.0	-18.9	259027
0.51812	76601.0	-18.5	259058
0.51818	75625.0	-18.2	259089
0.51824	74626.0	-17.8	259120
0.5183	73653.0	-17.5	259151
0.51836	72667.0	-17.2	259182
0.51843	71729.0	-17.0	259213
0.51849	70803.0	-16.7	259244
0.51855	69832.0	-16.4	259275
0.51861	68907.0	-16.2	259306
0.51867	68030.0	-16.0	259337
0.51874	67101.0	-15.8	259368
0.5188	66219.0	-15.6	259399
0.51886	65339.0	-15.4	259430
0.51892	64472.0	-15.2	259461
0.51898	63626.0	-15.1	259492
0.51905	62771.0	-14.9	259523
0.51911	61917.0	-14.8	259554
0.51917	61099.0	-14.6	259585
0.51923	60310.0	-14.5	259616
0.51929	59493.0	-14.4	259647
0.51936	58687.0	-14.4	259678
0.51942	57902.0	-14.3	259709
0.51948	57150.0	-14.2	259740
0.51954	56373.0	-14.2	259771
0.5196	55646.0	-14.1	259802
0.51967	54891.0	-14.1	259833
0.51973	54164.0	-14.0	259864
0.51979	53439.0	-14.0	259895
0.51985	52735.0	-14.0	259926
0.51991	52051.0	-14.0	259957
0.51998	51365.0	-14.0	259988
0.52004	50692.0	-14.0	260019
0.5201	50013.0	-14.0	260050
0.52016	49352.0	-14.1	260081
0.52022	48736.0	-14.1	260112
0.52029	48115.0	-14.2	260143
0.52035	47493.0	-14.3	260174
0.52041	46843.0	-14.4	260205
0.52047	46269.0	-14.5	260236
0.52053	45674.0	-14.6	260267
0.5206	45101.0	-14.7	260298
0.52066	44553.0	-14.8	260329
0.52072	43993.0	-15.0	260360
0.52078	43440.0	-15.1	260391
0.52084	42894.0	-15.3	260422
0.52091	42385.0	-15.4	260453
0.52097	41856.0	-15.6	260484
0.52103	41366.0	-15.8	260515
0.52109	40885.0	-16.0	260546
0.52115	40413.0	-16.3	260577
0.52122	39940.0	-16.5	260608
0.52128	39470.0	-16.8	260639
0.52134	39044.0	-17.1	260670
0.5214	38580.0	-17.3	260701
0.52146	38143.0	-17.6	260732
0.52153	37752.0	-17.9	260763
0.52159	37330.0	-18.3	260794
0.52165	36979.0	-18.6	260825
0.52171	36568.0	-19.0	260856
0.52177	36186.0	-19.4	260887
0.52184	35869.0	-19.8	260918
0.5219	35473.0	-20.2	260949
0.52196	35185.0	-20.7	260980
0.52202	34801.0	-21.0	261011
0.52208	34536.0	-21.5	261042
0.52215	34171.0	-22.1	261073
0.52221	33923.0	-22.7	261104
0.52227	33637.0	-23.3	261135
0.52233	33288.0	-23.8	261166
0.52239	33087.0	-24.4	261197
0.52246	32848.0	-25.1	261228
0.52252	32599.0	-25.9	261259
0.52258	32335.0	-26.5	261290
0.52264	32191.0	-27.3	261321
0.59669	102497.0	-33.9	298345
0.59675	101338.0	-32.8	298376
0.59681	100032.0	-31.6	298407
0.59688	98905.0	-30.4	298438
0.59694	97533.0	-29.7	298469
0.597	96381.0	-28.8	298500
0.59706	95255.0	-28.0	298531
0.59712	94061.0	-27.2	298562
0.59719	92817.0	-26.5	298593
0.59725	91747.0	-25.7	298624
0.59731	90564.0	-24.9	298655
0.59737	89436.0	-24.2	298686
0.59743	88292.0	-23.6	298717
0.5975	87213.0	-23.1	298748
0.59756	86051.0	-22.5	298779
0.59762	84947.0	-21.9	298810
0.59768	83913.0	-21.5	298841
0.59774	82843.0	-21.0	298872
0.59781	81776.0	-20.5	298903
0.59787	80685.0	-20.1	298934
0.59793	79677.0	-19.6	298965
0.59799	78630.0	-19.2	298996
0.59805	77632.0	-18.9	299027
0.59812	76613.0	-18.5	299058
0.59818	75617.0	-18.2	299089
0.59824	74617.0	-17.8	299120
0.5983	73626.0	-17.5	299151
0.59836	72679.0	-17.3	299182
0.59843	71723.0	-17.0	299213
0.59849	70792.0	-16.7	299244
0.59855	69846.0	-16.4	299275
0.59861	68910.0	-16.2	299306
0.59867	68030.0	-16.0	299337
0.59874	67120.0	-15.8	299368
0.5988	66218.0	-15.6	299399
0.59886	65333.0	-15.4	299430
0.59892	64470.0	-15.2	299461
0.59898	63627.0	-15.1	299492
0.59905	62744.0	-14.9	299523
0.59911	61940.0	-14.8	299554
0.59917	61101.0	-14.7	299585
0.59923	60309.0	-14.5	299616
0.59929	59479.0	-14.4	299647
0.59936	58703.0	-14.3	299678
0.59942	57903.0	-14.3	299709
0.59948	57130.0	-14.2	299740
0.59954	56386.0	-14.1	299771
0.5996	55640.0	-14.1	299802
0.59967	54891.0	-14.1	299833
0.59973	54160.0	-14.0	299864
0.59979	53435.0	-13.9	299895
0.59985	52750.0	-13.9	299926
0.59991	52055.0	-14.0	299957
0.59998	51360.0	-14.0	299988
0.60004	50686.0	-14.0	300019
0.6001	50006.0	-14.0	300050
0.60016	49366.0	-14.1	300081
0.60022	48722.0	-14.2	300112
0.60029	48117.0	-14.2	300143
0.60035	47476.0	-14.3	300174
0.60041	46877.0	-14.4	300205
0.60047	46259.0	-14.5	300236
0.60053	45672.0	-14.6	300267
0.6006	45102.0	-14.7	300298
0.60066	44539.0	-14.8	300329
0.60072	43996.0	-15.0	300360
0.60078	43454.0	-15.1	300391
0.60084	42908.0	-15.2	300422
0.60091	42378.0	-15.4	300453
0.60097	41857.0	-15.6	300484
0.60103	41357.0	-15.8	300515
0.60109	40883.0	-16.0	300546
0.60115	40415.0	-16.3	300577
0.60122	39938.0	-16.5	300608
0.60128	39479.0	-16.8	300639
0.60134	39020.0	-17.1	300670
0.6014	38602.0	-17.3	300701
0.60146	38136.0	-17.6	300732
0.60153	37755.0	-17.9	300763
0.60159	37347.0	-18.2	300794
0.60165	36948.0	-18.6	300825
0.60171	36582.0	-18.9	300856
0.60177	36210.0	-19.4	300887
0.60184	35848.0	-19.8	300918
0.6019	35492.0	-20.2	300949
0.60196	35174.0	-20.6	300980
0.60202	34831.0	-21.0	301011
0.60208	34481.0	-21.5	301042
0.60215	34196.0	-22.1	301073
0.60221	33919.0	-22.6	301104
0.60227	33600.0	-23.3	301135
0.60233	33330.0	-23.8	301166
0.60239	33131.0	-24.5	301197
0.60246	32827.0	-25.1	301228
0.60252	32565.0	-25.8	301259
0.60258	32380.0	-26.6	301290
0.60264	32150.0	-27.5	301321
0.67669	102447.0	-34.2	338345
0.67675	101329.0	-33.0	338376
0.67681	100062.0	-31.8	338407
0.67688	98844.0	-30.6	338438
0.67694	97559.0	-29.5	338469
0.677	96447.0	-28.8	338500
0.67706	95167.0	-27.9	338531
0.67712	94109.0	-27.0	338562
0.67719	92834.0	-26.3	338593
0.67725	91721.0	-25.5	338624
0.67731	90630.0	-24.8	338655
0.67737	89434.0	-24.2	338686
0.67743	88274.0	-23.6	338717
0.6775	87189.0	-23.1	338748
0.67756	86052.0	-22.5	338779
0.67762	84988.0	-21.9	338810
0.67768	83902.0	-21.4	338841
0.67774	82814.0	-20.9	338872
0.67781	81753.0	-20.5	338903
0.67787	80733.0	-20.0	338934
0.67793	79658.0	-19.6	338965
0.67799	78643.0	-19.2	338996
0.67805	77622.0	-18.9	339027
0.67812	76592.0	-18.5	339058
0.67818	75613.0	-18.2	339089
0.67824	74638.0	-17.8	339120
0.6783	73638.0	-17.5	339151
0.67836	72666.0	-17.2	339182
0.67843	71731.0	-17.0	339213
0.67849	70787.0	-16.7	339244
0.67855	69863.0	-16.5	339275
0.67861	68908.0	-16.2	339306
0.67867	68017.0	-15.9	339337
0.67874	67118.0	-15.8	339368
0.6788	66212.0	-15.6	339399
0.67886	65326.0	-15.4	339430
0.67892	64476.0	-15.2	339461
0.67898	63626.0	-15.1	339492
0.67905	62772.0	-14.9	339523
0.67911	61926.0	-14.8	339554
0.67917	61094.0	-14.7	339585
0.67923	60307.0	-14.6	339616
0.67929	59507.0	-14.5	339647
0.67936	58694.0	-14.4	339678
0.67942	57898.0	-14.3	339709
0.67948	57127.0	-14.2	339740
0.67954	56389.0	-14.1	339771
0.6796	55644.0	-14.1	339802
0.67967	54881.0	-14.1	339833
0.67973	54162.0	-14.0	339864
0.67979	53442.0	-14.0	339895
0.67985	52750.0	-14.0	339926
0.67991	52039.0	-14.0	339957
0.67998	51370.0	-14.0	339988
0.68004	50689.0	-14.0	340019
0.6801	50007.0	-14.0	340050
0.68016	49368.0	-14.1	340081
0.68022	48722.0	-14.1	340112
0.68029	48103.0	-14.2	340143
0.68035	47491.0	-14.3	340174
0.68041	46866.0	-14.4	340205
0.68047	46261.0	-14.5	340236
0.68053	45672.0	-14.6	340267
0.6806	45103.0	-14.7	340298
0.68066	44539.0	-14.8	340329
0.68072	44004.0	-14.9	340360
0.68078	43451.0	-15.1	340391
0.68084	42893.0	-15.3	340422
0.68091	42384.0	-15.4	340453
0.68097	41862.0	-15.6	340484
0.68103	41362.0	-15.8	340515
0.68109	40883.0	-16.1	340546
0.68115	40413.0	-16.3	340577
0.68122	39927.0	-16.5	340608
0.68128	39475.0	-16.8	340639
0.68134	39044.0	-17.0	340670
0.6814	38583.0	-17.3	340701
0.68146	38163.0	-17.6	340732
0.68153	37735.0	-18.0	340763
0.68159	37343.0	-18.3	340794
0.68165	36960.0	-18.7	340825
0.68171	36569.0	-19.0	340856
0.68177	36231.0	-19.4	340887
0.68184	35828.0	-19.8	340918
0.6819	35529.0	-20.2	340949
0.68196	35140.0	-20.7	340980
0.68202	34801.0	-21.1	341011
0.68208	34512.0	-21.5	341042
0.68215	34181.0	-22.1	341073
0.68221	33886.0	-22.6	341104
0.68227	33621.0	-23.1	341135
0.68233	33354.0	-23.8	341166
0.68239	33088.0	-24.5	341197
0.68246	32829.0	-25.0	341228
0.68252	32628.0	-25.7	341259
0.68258	32318.0	-26.5	341290
0.68264	32161.0	-27.3	341321
0.75669	102543.0	-34.3	378345
0.75675	101352.0	-33.2	378376
0.75681	100015.0	-31.8	378407
0.75688	98845.0	-30.5	378438
0.75694	97608.0	-29.5	378469
0.757	96374.0	-28.7	378500
0.75706	95206.0	-27.9	378531
0.75712	94137.0	-27.1	378562
0.75719	92783.0	-26.3	378593
0.75725	91732.0	-25.5	378624
0.75731	90607.0	-24.8	378655
0.75737	89411.0	-24.2	378686
0.75743	88310.0	-23.7	378717
0.7575	87205.0	-23.0	378748
0.75756	86071.0	-22.4	378779
0.75762	84941.0	-21.9	378810
0.75768	83915.0	-21.5	378841
0.75774	82841.0	-21.0	378872
0.75781	81750.0	-20.5	378903
0.75787	80706.0	-20.1	378934
0.75793	79662.0	-19.6	378965
0.75799	78649.0	-19.2	378996
0.75805	77598.0	-18.8	379027
0.75812	76617.0	-18.5	379058
0.75818	75627.0	-18.2	379089
0.75824	74613.0	-17.9	379120
0.7583	73628.0	-17.5	379151
0.75836	72677.0	-17.2	379182
0.75843	71734.0	-17.0	379213
0.75849	70788.0	-16.7	379244
0.75855	69838.0	-16.5	379275
0.75861	68918.0	-16.2	379306
0.75867	68024.0	-16.0	379337
0.75874	67118.0	-15.8	379368
0.7588	66224.0	-15.6	379399
0.75886	65329.0	-15.4	379430
0.75892	64455.0	-15.2	379461
0.75898	63639.0	-15.0	379492
0.75905	62774.0	-14.9	379523
0.75911	61917.0	-14.8	379554
0.75917	61101.0	-14.7	379585
0.75923	60295.0	-14.5	379616
0.75929	59491.0	-14.5	379647
0.75936	58692.0	-14.4	379678
0.75942	57908.0	-14.3	379709
0.75948	57149.0	-14.2	379740
0.75954	56387.0	-14.1	379771
0.7596	55629.0	-14.1	379802
0.75967	54889.0	-14.0	379833
0.75973	54165.0	-14.0	379864
0.75979	53435.0	-14.0	379895
0.75985	52738.0	-14.0	379926
0.75991	52051.0	-14.0	379957
0.75998	51374.0	-14.0	379988
0.76004	50681.0	-14.0	380019
0.7601	50012.0	-14.1	380050
0.76016	49365.0	-14.1	380081
0.76022	48727.0	-14.1	380112
0.76029	48099.0	-14.2	380143
0.76035	47492.0	-14.3	380174
0.76041	46864.0	-14.4	380205
0.76047	46261.0	-14.5	380236
0.76053	45682.0	-14.6	380267
0.7606	45101.0	-14.7	380298
0.76066	44546.0	-14.8	380329
0.76072	43982.0	-15.0	380360
0.76078	43459.0	-15.1	380391
0.76084	42902.0	-15.3	380422
0.76091	42369.0	-15.5	380453
0.76097	41882.0	-15.6	380484
0.76103	41356.0	-15.8	380515
0.76109	40879.0	-16.0	380546
0.76115	40398.0	-16.2	380577
0.76122	39960.0	-16.5	380608
0.76128	39485.0	-16.7	380639
0.76134	39012.0	-17.1	380670
0.7614	38584.0	-17.3	380701
0.76146	38162.0	-17.6	380732
0.76153	37740.0	-17.9	380763
0.76159	37356.0	-18.3	380794
0.76165	36969.0	-18.6	380825
0.76171	36570.0	-19.0	380856
0.76177	36201.0	-19.4	380887
0.76184	35855.0	-19.8	380918
0.7619	35505.0	-20.2	380949
0.76196	35154.0	-20.6	380980
0.76202	34815.0	-21.1	381011
0.76208	34476.0	-21.6	381042
0.76215	34195.0	-22.1	381073
0.76221	33895.0	-22.7	381104
0.76227	33605.0	-23.2	381135
0.76233	33332.0	-23.7	381166
0.76239	33110.0	-24.4	381197
0.76246	32824.0	-25.1	381228
0.76252	32630.0	-25.7	381259
0.76258	32372.0	-26.6	381290
0.76264	32131.0	-27.3	381321
