time_s	frequency_hz	amplitude_dbfs	signal_index
0.05344	52914.0	-40.5	20520
0.0535	53029.0	-36.5	20544
0.05356	52111.0	-34.6	20568
0.05362	51641.0	-32.9	20592
0.05369	51320.0	-31.1	20616
0.05375	50676.0	-30.0	20640
0.05381	50175.0	-28.9	20664
0.05388	49753.0	-27.6	20688
0.05394	49329.0	-26.2	20712
0.054	48959.0	-24.8	20736
0.05406	48470.0	-23.9	20760
0.05412	47895.0	-23.3	20784
0.05419	47360.0	-22.7	20808
0.05425	46832.0	-22.3	20832
0.05431	46324.0	-21.9	20856
0.05438	45821.0	-21.7	20880
0.05444	45403.0	-21.4	20904
0.0545	44986.0	-20.9	20928
0.05456	44753.0	-20.2	20952
0.05462	44445.0	-19.7	20976
0.05469	43888.0	-19.9	21000
0.05475	43231.0	-20.1	21024
0.05481	43002.0	-19.6	21048
0.05488	42786.0	-19.1	21072
0.05494	42277.0	-19.1	21096
0.055	41878.0	-19.2	21120
0.05506	41498.0	-19.2	21144
0.05512	41151.0	-18.9	21168
0.05519	41058.0	-18.2	21192
0.05525	40835.0	-17.9	21216
0.05531	40422.0	-18.2	21240
0.05538	40118.0	-18.8	21264
0.05544	39753.0	-19.7	21288
0.0555	39288.0	-20.9	21312
0.05556	38658.0	-22.3	21336
0.05562	37955.0	-23.9	21360
0.05569	37003.0	-25.8	21384
0.13219	82296.0	-31.0	50760
0.13225	80886.0	-31.2	50784
0.13231	79350.0	-32.3	50808
0.13238	77279.0	-33.2	50832
0.13244	76284.0	-31.5	50856
0.1325	75756.0	-28.9	50880
0.13256	74718.0	-27.4	50904
0.13262	73319.0	-27.4	50928
0.13269	71882.0	-27.6	50952
0.13275	70859.0	-27.2	50976
0.13281	69558.0	-27.1	51000
0.13288	68426.0	-26.8	51024
0.13294	67374.0	-26.7	51048
0.133	66182.0	-27.4	51072
0.13306	64637.0	-29.1	51096
0.13312	63080.0	-30.3	51120
0.13319	61969.0	-30.0	51144
0.13325	61409.0	-29.3	51168
0.13331	60047.0	-29.5	51192
0.13338	59572.0	-29.1	51216
0.13344	58642.0	-29.4	51240
0.1335	58081.0	-30.7	51264
0.13356	56609.0	-34.6	51288
0.13362	54114.0	-39.4	51312
0.13369	53092.0	-40.2	51336
0.13375	53130.0	-36.9	51360
0.13381	53264.0	-32.7	51384
0.13388	52901.0	-29.5	51408
0.13394	52555.0	-27.6	51432
0.134	51449.0	-27.1	51456
0.13406	50853.0	-26.1	51480
0.13412	50218.0	-25.1	51504
0.13419	49605.0	-24.1	51528
0.13425	49050.0	-23.3	51552
0.13431	48330.0	-22.7	51576
0.13438	47836.0	-21.9	51600
0.13444	47223.0	-21.1	51624
0.1345	46698.0	-20.4	51648
0.13456	46281.0	-19.6	51672
0.13462	45807.0	-18.9	51696
0.13469	45277.0	-18.5	51720
0.13475	44814.0	-18.1	51744
0.13481	44385.0	-17.8	51768
0.13488	43882.0	-17.7	51792
0.13494	43299.0	-17.8	51816
0.135	42922.0	-17.4	51840
0.13506	42604.0	-16.9	51864
0.13512	42155.0	-16.5	51888
0.13519	41762.0	-16.1	51912
0.13525	41550.0	-15.7	51936
0.13531	41045.0	-15.9	51960
0.13538	40520.0	-16.2	51984
0.13544	40200.0	-16.4	52008
0.1355	39722.0	-16.7	52032
0.13556	39351.0	-16.8	52056
0.13562	39040.0	-17.1	52080
0.13569	38418.0	-17.8	52104
0.13575	37860.0	-18.8	52128
0.13581	36986.0	-20.3	52152
0.13588	35807.0	-22.4	52176
0.13594	34123.0	-25.4	52200
0.22269	77048.0	-33.6	85512
0.22275	75868.0	-31.6	85536
0.22281	75200.0	-28.6	85560
0.22288	73962.0	-26.9	85584
0.22294	72569.0	-26.3	85608
0.223	71033.0	-26.5	85632
0.22306	69578.0	-26.9	85656
0.22312	68490.0	-27.2	85680
0.22319	67591.0	-27.8	85704
0.22325	66388.0	-29.5	85728
0.22331	64692.0	-32.7	85752
0.22338	62615.0	-35.4	85776
0.22344	61440.0	-36.0	85800
0.2235	61151.0	-35.2	85824
0.22356	59802.0	-35.6	85848
0.22362	59184.0	-35.2	85872
0.22369	58701.0	-34.6	85896
0.22375	58049.0	-35.1	85920
0.22381	56982.0	-37.8	85944
0.22388	54426.0	-41.0	85968
0.22394	53974.0	-39.3	85992
0.224	54235.0	-35.5	86016
0.22406	53957.0	-32.5	86040
0.22412	53306.0	-30.6	86064
0.22419	52815.0	-28.9	86088
0.22425	52327.0	-27.3	86112
0.22431	51687.0	-26.0	86136
0.22438	51084.0	-24.7	86160
0.22444	50640.0	-23.4	86184
0.2245	50129.0	-22.2	86208
0.22456	49659.0	-21.2	86232
0.22462	49131.0	-20.2	86256
0.22469	48668.0	-19.3	86280
0.22475	48114.0	-18.5	86304
0.22481	47551.0	-18.0	86328
0.22488	47002.0	-17.5	86352
0.22494	46542.0	-17.2	86376
0.225	45992.0	-17.3	86400
0.22506	45343.0	-17.3	86424
0.22512	44974.0	-16.9	86448
0.22519	44721.0	-16.0	86472
0.22525	44308.0	-15.3	86496
0.22531	43896.0	-14.8	86520
0.22538	43407.0	-14.5	86544
0.22544	43022.0	-14.2	86568
0.2255	42667.0	-13.9	86592
0.22556	42267.0	-13.6	86616
0.22562	41955.0	-13.5	86640
0.22569	41466.0	-13.7	86664
0.22575	41035.0	-13.9	86688
0.22581	40618.0	-13.8	86712
0.22588	40310.0	-13.7	86736
0.22594	40063.0	-13.6	86760
0.226	39581.0	-14.4	86784
0.22606	38846.0	-15.8	86808
0.22612	38376.0	-17.3	86832
0.22619	37320.0	-19.9	86856
0.30319	108664.0	-53.7	116424
0.30325	105534.0	-42.4	116448
0.30331	102410.0	-35.5	116472
0.30338	98993.0	-30.5	116496
0.30344	96501.0	-26.3	116520
0.3035	94866.0	-23.1	116544
0.30356	93196.0	-20.7	116568
0.30362	91245.0	-19.0	116592
0.30369	89348.0	-17.7	116616
0.30375	87784.0	-16.8	116640
0.30381	86290.0	-16.3	116664
0.30388	84846.0	-16.1	116688
0.30394	83393.0	-16.0	116712
0.304	82075.0	-16.3	116736
0.30406	80357.0	-17.7	116760
0.30412	78213.0	-19.5	116784
0.30419	76334.0	-19.6	116808
0.30425	75593.0	-17.1	116832
0.30431	74932.0	-14.9	116856
0.30438	73687.0	-14.2	116880
0.30444	72305.0	-14.4	116904
0.3045	70757.0	-15.0	116928
0.30456	69750.0	-15.1	116952
0.30462	68831.0	-15.4	116976
0.30469	67427.0	-16.9	117000
0.30475	65736.0	-18.7	117024
0.30481	64801.0	-19.4	117048
0.30488	63554.0	-20.3	117072
0.30494	62032.0	-20.7	117096
0.305	61411.0	-19.8	117120
0.30506	60801.0	-19.1	117144
0.30512	59445.0	-19.8	117168
0.30519	58624.0	-20.3	117192
0.30525	57767.0	-21.7	117216
0.30531	56115.0	-24.8	117240
0.30538	54334.0	-26.2	117264
0.30544	54355.0	-23.7	117288
0.3055	54481.0	-20.3	117312
0.30556	53999.0	-18.4	117336
0.30562	53017.0	-17.8	117360
0.30569	52408.0	-17.0	117384
0.30575	51840.0	-15.9	117408
0.30581	51239.0	-15.0	117432
0.30588	50458.0	-14.4	117456
0.30594	49823.0	-13.8	117480
0.306	49067.0	-13.4	117504
0.30606	48541.0	-12.7	117528
0.30612	48015.0	-12.1	117552
0.30619	47481.0	-11.7	117576
0.30625	46862.0	-11.4	117600
0.30631	46349.0	-11.0	117624
0.30638	45818.0	-10.7	117648
0.30644	45406.0	-10.4	117672
0.3065	44934.0	-10.2	117696
0.30656	44545.0	-10.0	117720
0.30662	44078.0	-10.1	117744
0.30669	43601.0	-10.0	117768
0.30675	43246.0	-9.8	117792
0.30681	42804.0	-9.7	117816
0.30688	42318.0	-9.7	117840
0.30694	41977.0	-9.5	117864
0.307	41522.0	-9.4	117888
0.30706	41173.0	-9.1	117912
0.30712	40956.0	-8.7	117936
0.30719	40505.0	-8.8	117960
0.30725	40042.0	-9.2	117984
0.30731	39684.0	-9.3	118008
0.30738	39374.0	-9.2	118032
0.30744	39062.0	-9.4	118056
0.3075	38664.0	-9.9	118080
0.30756	38177.0	-10.6	118104
0.30762	37856.0	-11.1	118128
0.30769	37384.0	-11.9	118152
0.30775	36563.0	-13.3	118176
0.30781	35276.0	-15.3	118200
0.30788	33611.0	-17.4	118224
0.30794	32763.0	-19.8	118248
0.39344	76159.0	-37.5	151080
0.3935	75050.0	-34.5	151104
0.39356	73739.0	-32.2	151128
0.39362	72303.0	-30.8	151152
0.39369	70981.0	-29.9	151176
0.39375	69794.0	-29.4	151200
0.39381	68547.0	-29.4	151224
0.39388	67460.0	-30.0	151248
0.39394	66114.0	-31.7	151272
0.394	64621.0	-33.7	151296
0.39406	63370.0	-35.2	151320
0.39412	62171.0	-37.5	151344
0.39419	60683.0	-39.8	151368
0.39425	59794.0	-41.1	151392
0.39431	58555.0	-42.5	151416
0.39438	57445.0	-43.1	151440
0.39444	57016.0	-42.3	151464
0.3945	56468.0	-41.2	151488
0.39456	55379.0	-40.4	151512
0.39462	54771.0	-38.6	151536
0.39469	54304.0	-36.0	151560
0.39475	53844.0	-33.5	151584
0.39481	53394.0	-31.1	151608
0.39488	52996.0	-28.8	151632
0.39494	52552.0	-26.8	151656
0.395	52047.0	-25.1	151680
0.39506	51565.0	-23.5	151704
0.39512	51089.0	-22.1	151728
0.39519	50635.0	-20.8	151752
0.39525	50165.0	-19.6	151776
0.39531	49649.0	-18.7	151800
0.39538	49121.0	-17.9	151824
0.39544	48639.0	-17.2	151848
0.3955	48138.0	-16.7	151872
0.39556	47529.0	-16.6	151896
0.39562	46903.0	-16.8	151920
0.39569	46319.0	-17.0	151944
0.39575	45809.0	-17.0	151968
0.39581	45450.0	-16.5	151992
0.39588	45226.0	-15.5	152016
0.39594	45023.0	-14.4	152040
0.396	44592.0	-13.7	152064
0.39606	44045.0	-13.6	152088
0.39612	43619.0	-13.6	152112
0.39619	43336.0	-13.3	152136
0.39625	42955.0	-13.1	152160
0.39631	42520.0	-13.0	152184
0.39638	42178.0	-12.7	152208
0.39644	41817.0	-12.6	152232
0.3965	41433.0	-12.5	152256
0.39656	41181.0	-12.3	152280
0.39662	40811.0	-12.6	152304
0.39669	40234.0	-13.3	152328
0.39675	39767.0	-14.0	152352
0.39681	39280.0	-14.8	152376
0.39688	38699.0	-15.9	152400
0.39694	38107.0	-17.4	152424
0.397	37165.0	-19.0	152448
0.39706	36380.0	-20.3	152472
0.39712	35500.0	-22.5	152496
0.39719	33082.0	-25.6	152520
0.47569	99331.0	-30.8	182664
0.47575	97399.0	-26.4	182688
0.47581	95962.0	-23.4	182712
0.47588	94592.0	-21.4	182736
0.47594	92875.0	-19.9	182760
0.476	90977.0	-18.7	182784
0.47606	89313.0	-17.5	182808
0.47612	87846.0	-16.6	182832
0.47619	86448.0	-16.1	182856
0.47625	85164.0	-15.8	182880
0.47631	83893.0	-15.6	182904
0.47638	82634.0	-15.7	182928
0.47644	81072.0	-16.7	182952
0.4765	79492.0	-17.9	182976
0.47656	77678.0	-19.2	183000
0.47662	76432.0	-18.4	183024
0.47669	75903.0	-16.0	183048
0.47675	75245.0	-14.0	183072
0.47681	73994.0	-13.3	183096
0.47688	73056.0	-12.9	183120
0.47694	71958.0	-13.1	183144
0.477	70864.0	-13.4	183168
0.47706	69834.0	-13.8	183192
0.47712	68704.0	-15.1	183216
0.47719	67231.0	-16.8	183240
0.47725	65993.0	-18.2	183264
0.47731	64702.0	-18.9	183288
0.47738	63663.0	-18.7	183312
0.47744	62548.0	-18.0	183336
0.4775	61616.0	-17.0	183360
0.47756	60753.0	-16.3	183384
0.47762	59687.0	-16.2	183408
0.47769	58755.0	-15.8	183432
0.47775	57986.0	-15.6	183456
0.47781	56948.0	-15.8	183480
0.47788	55978.0	-16.0	183504
0.47794	54974.0	-16.1	183528
0.478	54463.0	-15.0	183552
0.47806	54159.0	-13.7	183576
0.47812	53239.0	-13.2	183600
0.47819	52758.0	-12.3	183624
0.47825	52200.0	-11.4	183648
0.47831	51513.0	-10.9	183672
0.47838	50836.0	-10.3	183696
0.47844	50228.0	-9.6	183720
0.4785	49590.0	-9.1	183744
0.47856	48921.0	-8.8	183768
0.47862	48338.0	-8.4	183792
0.47869	47788.0	-8.0	183816
0.47875	47275.0	-7.5	183840
0.47881	46777.0	-7.1	183864
0.47888	46292.0	-6.8	183888
0.47894	45765.0	-6.8	183912
0.479	45225.0	-6.8	183936
0.47906	44738.0	-6.7	183960
0.47912	44373.0	-6.4	183984
0.47919	43995.0	-6.0	184008
0.47925	43561.0	-5.9	184032
0.47931	43153.0	-5.9	184056
0.47938	42690.0	-6.1	184080
0.47944	42122.0	-6.5	184104
0.4795	41709.0	-6.6	184128
0.47956	41347.0	-6.5	184152
0.47962	41077.0	-6.2	184176
0.47969	40744.0	-6.1	184200
0.47975	40290.0	-6.5	184224
0.47981	39792.0	-7.3	184248
0.47988	39478.0	-7.8	184272
0.47994	39075.0	-8.6	184296
0.48	38251.0	-9.9	184320
0.48006	37429.0	-11.1	184344
0.48012	36658.0	-12.3	184368
0.48019	34967.0	-15.4	184392
0.57344	50974.0	-35.1	220200
0.5735	50385.0	-34.0	220224
0.57356	50125.0	-32.0	220248
0.57363	49827.0	-29.9	220272
0.57369	49471.0	-28.1	220296
0.57375	49046.0	-26.7	220320
0.57381	48551.0	-25.5	220344
0.57388	48041.0	-24.6	220368
0.57394	47537.0	-23.9	220392
0.574	47015.0	-23.2	220416
0.57406	46517.0	-22.7	220440
0.57412	46032.0	-22.2	220464
0.57419	45586.0	-21.8	220488
0.57425	45207.0	-21.3	220512
0.57431	44923.0	-20.5	220536
0.57438	44627.0	-19.6	220560
0.57444	44311.0	-18.9	220584
0.5745	43873.0	-18.7	220608
0.57456	43378.0	-18.8	220632
0.57463	43039.0	-18.5	220656
0.57469	42802.0	-18.2	220680
0.57475	42416.0	-18.3	220704
0.57481	41863.0	-18.7	220728
0.57488	41429.0	-18.9	220752
0.57494	41062.0	-18.7	220776
0.575	40740.0	-18.4	220800
0.57506	40394.0	-18.3	220824
0.57512	39901.0	-18.5	220848
0.57519	39604.0	-18.6	220872
0.57525	39448.0	-19.0	220896
0.57531	38752.0	-20.5	220920
0.57538	37551.0	-22.3	220944
0.57544	37088.0	-22.9	220968
0.65844	77935.0	-29.5	252840
0.6585	76608.0	-27.3	252864
0.65856	75762.0	-24.4	252888
0.65862	74963.0	-21.7	252912
0.65869	73807.0	-20.2	252936
0.65875	72588.0	-19.5	252960
0.65881	71431.0	-19.4	252984
0.65888	70316.0	-19.7	253008
0.65894	69110.0	-20.4	253032
0.659	68139.0	-21.0	253056
0.65906	66767.0	-22.2	253080
0.65912	65769.0	-22.7	253104
0.65919	64784.0	-23.0	253128
0.65925	63723.0	-22.7	253152
0.65931	63109.0	-22.0	253176
0.65938	61770.0	-22.0	253200
0.65944	60864.0	-21.6	253224
0.6595	59936.0	-21.3	253248
0.65956	59090.0	-20.8	253272
0.65962	58238.0	-20.1	253296
0.65969	57512.0	-19.3	253320
0.65975	56785.0	-18.5	253344
0.65981	56005.0	-18.0	253368
0.65988	55246.0	-17.5	253392
0.65994	54725.0	-16.6	253416
0.66	54200.0	-15.8	253440
0.66006	53406.0	-15.4	253464
0.66012	52820.0	-14.8	253488
0.66019	52219.0	-14.0	253512
0.66025	51601.0	-13.2	253536
0.66031	50965.0	-12.4	253560
0.66038	50442.0	-11.6	253584
0.66044	49775.0	-10.8	253608
0.6605	49202.0	-10.0	253632
0.66056	48631.0	-9.3	253656
0.66062	48049.0	-8.6	253680
0.66069	47550.0	-8.0	253704
0.66075	47052.0	-7.5	253728
0.66081	46561.0	-7.1	253752
0.66088	46022.0	-7.0	253776
0.66094	45436.0	-7.0	253800
0.661	44963.0	-6.8	253824
0.66106	44610.0	-6.5	253848
0.66112	44228.0	-6.2	253872
0.66119	43769.0	-6.1	253896
0.66125	43327.0	-6.1	253920
0.66131	42963.0	-5.9	253944
0.66138	42643.0	-5.7	253968
0.66144	42204.0	-5.8	253992
0.6615	41664.0	-6.2	254016
0.66156	41282.0	-6.2	254040
0.66162	41022.0	-6.0	254064
0.66169	40642.0	-5.9	254088
0.66175	40290.0	-5.8	254112
0.66181	40000.0	-5.7	254136
0.66188	39667.0	-5.9	254160
0.66194	39251.0	-6.6	254184
0.662	38761.0	-7.3	254208
0.66206	38444.0	-7.7	254232
0.66212	38208.0	-8.0	254256
0.66219	37793.0	-8.5	254280
0.66225	37354.0	-9.3	254304
0.66231	36687.0	-10.6	254328
0.66238	35678.0	-12.3	254352
0.66244	34533.0	-14.4	254376
0.73594	57773.0	-38.7	282600
0.736	56789.0	-35.1	282624
0.73606	55815.0	-32.6	282648
0.73612	55279.0	-29.9	282672
0.73619	54832.0	-27.5	282696
0.73625	54171.0	-25.7	282720
0.73631	53441.0	-24.4	282744
0.73638	52698.0	-23.3	282768
0.73644	52063.0	-22.1	282792
0.7365	51450.0	-20.7	282816
0.73656	50866.0	-19.4	282840
0.73662	50226.0	-18.2	282864
0.73669	49553.0	-17.2	282888
0.73675	48997.0	-16.3	282912
0.73681	48397.0	-15.5	282936
0.73688	47769.0	-14.8	282960
0.73694	47276.0	-14.0	282984
0.737	46815.0	-13.4	283008
0.73706	46304.0	-12.9	283032
0.73712	45798.0	-12.3	283056
0.73719	45386.0	-11.6	283080
0.73725	45003.0	-10.8	283104
0.73731	44581.0	-10.1	283128
0.73738	44182.0	-9.6	283152
0.73744	43786.0	-9.2	283176
0.7375	43360.0	-9.1	283200
0.73756	42878.0	-9.2	283224
0.73762	42363.0	-9.6	283248
0.73769	41899.0	-9.7	283272
0.73775	41557.0	-9.7	283296
0.73781	41283.0	-9.4	283320
0.73788	40981.0	-9.3	283344
0.73794	40670.0	-9.4	283368
0.738	40308.0	-9.8	283392
0.73806	39881.0	-10.6	283416
0.73812	39257.0	-11.6	283440
0.73819	38690.0	-12.2	283464
0.73825	38399.0	-12.3	283488
0.73831	38087.0	-12.4	283512
0.73838	37783.0	-12.8	283536
0.73844	37345.0	-13.8	283560
0.7385	36630.0	-15.2	283584
0.73856	35976.0	-16.1	283608
0.73862	35942.0	-16.4	283632
0.73869	35325.0	-17.9	283656
0.73875	34099.0	-19.8	283680
0.73881	33716.0	-20.6	283704
0.73888	32900.0	-22.6	283728
0.73894	30978.0	-26.7	283752
0.739	29416.0	-29.7	283776
0.73906	28741.0	-32.8	283800
0.73912	29570.0	-35.5	283824
0.73919	33483.0	-37.7	283848
0.73925	36381.0	-40.8	283872
0.73931	36875.0	-44.3	283896
0.73938	36891.0	-49.4	283920
0.73944	59395.0	-50.3	283944
0.7395	59270.0	-50.3	283968
0.73956	58430.0	-50.6	283992
0.73962	57372.0	-51.9	284016
0.73969	47265.0	-49.8	284040
0.73975	42976.0	-50.9	284064
0.73981	41538.0	-53.4	284088
0.73988	53483.0	-46.6	284112
0.73994	54130.0	-44.7	284136
0.74	53282.0	-44.0	284160
0.74006	53134.0	-42.2	284184
0.74012	52008.0	-40.1	284208
0.74019	50500.0	-38.9	284232
0.74025	50185.0	-37.8	284256
0.74031	49691.0	-36.8	284280
0.74038	49697.0	-36.4	284304
0.74044	49156.0	-36.9	284328
0.7405	47924.0	-35.7	284352
0.74056	47465.0	-33.4	284376
0.74062	46936.0	-32.2	284400
0.74069	45402.0	-30.5	284424
0.74075	46543.0	-31.2	284448
0.74081	45665.0	-30.2	284472
0.74088	44841.0	-29.1	284496
0.74094	44687.0	-29.4	284520
0.741	43918.0	-28.8	284544
0.74106	44034.0	-28.5	284568
0.74112	43573.0	-28.7	284592
0.74119	42864.0	-28.4	284616
0.74125	42787.0	-26.7	284640
0.74131	42383.0	-25.3	284664
0.74138	42153.0	-26.0	284688
0.74144	41669.0	-27.0	284712
0.7415	40717.0	-27.1	284736
0.74156	40362.0	-27.0	284760
0.74162	40415.0	-27.0	284784
0.74169	40193.0	-27.0	284808
0.80744	68216.0	-29.0	310056
0.8075	66752.0	-29.5	310080
0.80756	65417.0	-29.1	310104
0.80762	64624.0	-28.1	310128
0.80769	63402.0	-27.6	310152
0.80775	62508.0	-27.1	310176
0.80781	61511.0	-27.3	310200
0.80788	60330.0	-28.2	310224
0.80794	59579.0	-29.1	310248
0.808	58079.0	-31.2	310272
0.80806	56689.0	-32.0	310296
0.80812	56485.0	-30.4	310320
0.80819	55760.0	-28.8	310344
0.80825	55246.0	-27.0	310368
0.80831	54726.0	-25.5	310392
0.80838	54019.0	-24.6	310416
0.80844	53334.0	-23.7	310440
0.8085	52664.0	-22.7	310464
0.80856	52159.0	-21.5	310488
0.80862	51645.0	-20.3	310512
0.80869	51037.0	-19.2	310536
0.80875	50505.0	-17.9	310560
0.80881	49965.0	-16.6	310584
0.80888	49435.0	-15.3	310608
0.80894	48915.0	-14.2	310632
0.809	48439.0	-13.3	310656
0.80906	47964.0	-12.5	310680
0.80912	47436.0	-11.9	310704
0.80919	46904.0	-11.5	310728
0.80925	46375.0	-11.0	310752
0.80931	45907.0	-10.5	310776
0.80938	45455.0	-10.0	310800
0.80944	44986.0	-9.7	310824
0.8095	44479.0	-9.6	310848
0.80956	44019.0	-9.4	310872
0.80962	43630.0	-9.0	310896
0.80969	43224.0	-8.6	310920
0.80975	42823.0	-8.2	310944
0.80981	42511.0	-7.8	310968
0.80988	42207.0	-7.5	310992
0.80994	41853.0	-7.5	311016
0.81	41401.0	-7.9	311040
0.81006	40933.0	-8.5	311064
0.81012	40437.0	-9.2	311088
0.81019	40045.0	-9.5	311112
0.81025	39839.0	-9.3	311136
0.81031	39565.0	-9.3	311160
0.81038	38974.0	-10.0	311184
0.81044	38337.0	-10.7	311208
0.8105	38095.0	-11.0	311232
0.81056	37765.0	-11.6	311256
0.81062	37128.0	-12.9	311280
0.81069	36335.0	-14.4	311304
0.81075	35874.0	-14.9	311328
0.81081	35695.0	-15.3	311352
0.81088	34454.0	-17.7	311376
0.81094	32850.0	-20.8	311400
0.89019	76121.0	-35.9	341832
0.89025	75051.0	-32.7	341856
0.89031	73946.0	-30.3	341880
0.89038	72811.0	-28.9	341904
0.89044	71689.0	-28.0	341928
0.8905	70483.0	-27.8	341952
0.89056	69189.0	-28.6	341976
0.89062	68322.0	-30.0	342000
0.89069	66445.0	-32.5	342024
0.89075	65288.0	-33.4	342048
0.89081	64496.0	-33.9	342072
0.89088	63368.0	-34.5	342096
0.89094	62546.0	-35.4	342120
0.891	60611.0	-38.3	342144
0.89106	58760.0	-38.2	342168
0.89112	59100.0	-34.5	342192
0.89119	58652.0	-31.1	342216
0.89125	58008.0	-28.7	342240
0.89131	57065.0	-27.1	342264
0.89138	56214.0	-25.6	342288
0.89144	55491.0	-24.2	342312
0.8915	54790.0	-22.9	342336
0.89156	54116.0	-21.9	342360
0.89162	53459.0	-20.8	342384
0.89169	52977.0	-19.4	342408
0.89175	52517.0	-18.1	342432
0.89181	51962.0	-17.2	342456
0.89188	51358.0	-16.4	342480
0.89194	50771.0	-15.5	342504
0.892	50155.0	-14.7	342528
0.89206	49570.0	-14.0	342552
0.89212	49035.0	-13.4	342576
0.89219	48522.0	-12.9	342600
0.89225	48021.0	-12.5	342624
0.89231	47464.0	-12.2	342648
0.89238	46956.0	-11.9	342672
0.89244	46482.0	-11.5	342696
0.8925	45990.0	-11.4	342720
0.89256	45480.0	-11.3	342744
0.89262	45004.0	-11.2	342768
0.89269	44567.0	-11.0	342792
0.89275	44192.0	-10.7	342816
0.89281	43805.0	-10.4	342840
0.89288	43476.0	-10.1	342864
0.89294	43190.0	-9.7	342888
0.893	42828.0	-9.6	342912
0.89306	42427.0	-9.7	342936
0.89312	41980.0	-9.8	342960
0.89319	41589.0	-9.9	342984
0.89325	41309.0	-9.8	343008
0.89331	40984.0	-9.9	343032
0.89338	40638.0	-10.0	343056
0.89344	40258.0	-10.3	343080
0.8935	39926.0	-10.5	343104
0.89356	39690.0	-10.4	343128
0.89362	39436.0	-10.3	343152
0.89369	39133.0	-10.3	343176
0.89375	38783.0	-10.6	343200
0.89381	38352.0	-11.2	343224
0.89388	37962.0	-11.8	343248
0.89394	37534.0	-12.4	343272
0.894	37025.0	-13.1	343296
0.89406	36702.0	-13.3	343320
0.89412	36296.0	-13.4	343344
0.89419	35591.0	-14.0	343368
0.89425	34776.0	-15.2	343392
0.89431	33741.0	-17.1	343416
0.89438	32627.0	-18.9	343440
0.89444	31779.0	-20.7	343464
0.8945	30288.0	-23.5	343488
0.89456	29457.0	-27.0	343512
0.89462	27587.0	-32.0	343536
0.89469	27957.0	-36.2	343560
0.89475	31699.0	-36.9	343584
0.89481	36011.0	-39.5	343608
0.89488	39241.0	-44.7	343632
0.89494	53067.0	-44.0	343656
0.895	52356.0	-42.8	343680
0.89506	51344.0	-42.2	343704
0.89512	53122.0	-44.1	343728
0.89519	50305.0	-44.2	343752
0.89525	49820.0	-42.2	343776
0.89531	49924.0	-41.5	343800
0.89538	49374.0	-38.0	343824
0.89544	48239.0	-34.4	343848
0.8955	47841.0	-32.4	343872
0.89556	47884.0	-33.3	343896
0.89562	46871.0	-33.9	343920
0.89569	45166.0	-31.6	343944
0.89575	45376.0	-31.6	343968
0.89581	46463.0	-32.7	343992
0.89588	46951.0	-34.1	344016
0.89594	44480.0	-34.1	344040
0.896	43982.0	-34.2	344064
0.89606	44021.0	-34.4	344088
0.89612	44628.0	-32.8	344112
0.89619	43712.0	-30.6	344136
0.89625	42932.0	-29.4	344160
0.89631	42339.0	-29.3	344184
0.89638	42581.0	-28.3	344208
0.89644	41429.0	-27.1	344232
0.8965	40703.0	-26.5	344256
0.89656	40713.0	-26.9	344280
0.89662	40829.0	-27.8	344304
0.89669	40816.0	-27.8	344328
0.97194	69598.0	-31.1	373224
0.972	68562.0	-30.4	373248
0.97206	67464.0	-30.0	373272
0.97212	66055.0	-30.2	373296
0.97219	64911.0	-29.8	373320
0.97225	64275.0	-29.1	373344
0.97231	62882.0	-29.3	373368
0.97238	61812.0	-29.6	373392
0.97244	60690.0	-30.7	373416
0.9725	59244.0	-32.7	373440
0.97256	58228.0	-33.8	373464
0.97262	57208.0	-34.5	373488
0.97269	56209.0	-34.3	373512
0.97275	55759.0	-33.3	373536
0.97281	54853.0	-32.3	373560
0.97288	54230.0	-30.7	373584
0.97294	53745.0	-28.8	373608
0.973	53216.0	-27.1	373632
0.97306	52714.0	-25.6	373656
0.97312	52160.0	-24.3	373680
0.97319	51638.0	-22.9	373704
0.97325	51107.0	-21.4	373728
0.97331	50556.0	-19.9	373752
0.97338	49959.0	-18.6	373776
0.97344	49364.0	-17.5	373800
0.9735	48724.0	-16.5	373824
0.97356	48150.0	-15.7	373848
0.97362	47646.0	-15.1	373872
0.97369	47134.0	-14.6	373896
0.97375	46573.0	-14.2	373920
0.97381	46043.0	-13.8	373944
0.97388	45577.0	-13.4	373968
0.97394	45127.0	-13.0	373992
0.974	44627.0	-12.9	374016
0.97406	44154.0	-12.8	374040
0.97412	43722.0	-12.7	374064
0.97419	43308.0	-12.5	374088
0.97425	42873.0	-12.5	374112
0.97431	42445.0	-12.4	374136
0.97438	42039.0	-12.2	374160
0.97444	41670.0	-12.1	374184
0.9745	41262.0	-12.2	374208
0.97456	40774.0	-12.4	374232
0.97462	40351.0	-12.4	374256
0.97469	40058.0	-12.2	374280
0.97475	39799.0	-11.8	374304
0.97481	39500.0	-11.7	374328
0.97488	39166.0	-11.9	374352
0.97494	38741.0	-12.5	374376
0.975	38204.0	-13.1	374400
0.97506	37698.0	-13.7	374424
0.97512	37049.0	-14.3	374448
0.97519	36507.0	-14.8	374472
0.97525	36089.0	-15.5	374496
0.97531	35452.0	-16.7	374520
0.97538	34142.0	-18.8	374544
0.97544	33193.0	-20.1	374568
