time_s	frequency_hz	amplitude_dbfs	signal_index
0.06794	57539.0	-34.9	26088
0.068	55409.0	-37.1	26112
0.06806	55568.0	-34.5	26136
0.06813	55918.0	-30.6	26160
0.06819	55948.0	-28.0	26184
0.06825	55488.0	-27.6	26208
0.06831	54494.0	-29.2	26232
0.06838	53565.0	-30.9	26256
0.06844	53610.0	-31.7	26280
0.0685	52420.0	-33.4	26304
0.06856	52095.0	-32.4	26328
0.06863	53311.0	-28.9	26352
0.06869	52641.0	-28.3	26376
0.06875	51507.0	-29.4	26400
0.06881	51261.0	-28.3	26424
0.06888	51805.0	-25.4	26448
0.06894	51864.0	-23.4	26472
0.069	51973.0	-22.5	26496
0.06906	51223.0	-23.9	26520
0.06913	50368.0	-25.7	26544
0.06919	50400.0	-25.7	26568
0.06925	50554.0	-25.0	26592
0.06931	50475.0	-24.8	26616
0.06938	50031.0	-25.6	26640
0.06944	49398.0	-25.6	26664
0.0695	50265.0	-23.0	26688
0.06956	50412.0	-20.8	26712
0.06963	50466.0	-19.7	26736
0.06969	50434.0	-20.0	26760
0.06975	49567.0	-21.6	26784
0.06981	49394.0	-22.1	26808
0.06988	49817.0	-21.2	26832
0.06994	50048.0	-20.5	26856
0.07	49932.0	-21.1	26880
0.07006	49759.0	-22.7	26904
0.07013	49187.0	-25.7	26928
0.07019	48147.0	-28.1	26952
0.07025	49273.0	-26.3	26976
0.07031	49938.0	-24.4	27000
0.07037	49673.0	-24.7	27024
0.07044	49273.0	-25.9	27048
0.0705	49274.0	-27.0	27072
0.07056	48809.0	-28.9	27096
0.07062	48275.0	-30.3	27120
0.07069	48732.0	-29.1	27144
0.07075	49466.0	-26.6	27168
0.07081	49855.0	-25.7	27192
0.07087	49700.0	-27.3	27216
0.07094	48058.0	-31.0	27240
0.071	48644.0	-30.5	27264
0.07106	50123.0	-27.8	27288
0.07112	49792.0	-28.9	27312
0.07119	48941.0	-32.3	27336
0.15219	83981.0	-53.3	58440
0.15225	78739.0	-50.2	58464
0.15231	76173.0	-48.6	58488
0.15238	73453.0	-44.7	58512
0.15244	73351.0	-37.7	58536
0.1525	72413.0	-35.6	58560
0.15256	67332.0	-37.9	58584
0.15263	66672.0	-34.4	58608
0.15269	65095.0	-33.2	58632
0.15275	62650.0	-33.7	58656
0.15281	61706.0	-32.0	58680
0.15288	61250.0	-30.6	58704
0.15294	59822.0	-30.4	58728
0.153	60125.0	-29.1	58752
0.15306	60234.0	-30.7	58776
0.15313	63706.0	-35.4	58800
0.15319	59393.0	-30.0	58824
0.15325	58021.0	-28.1	58848
0.15331	55035.0	-30.6	58872
0.15338	55215.0	-28.9	58896
0.15344	55267.0	-27.0	58920
0.1535	54625.0	-26.8	58944
0.15356	54331.0	-27.7	58968
0.15363	52588.0	-29.5	58992
0.15369	53108.0	-27.9	59016
0.15375	53471.0	-26.2	59040
0.15381	52212.0	-27.2	59064
0.15388	51748.0	-26.9	59088
0.15394	52232.0	-24.8	59112
0.154	52148.0	-23.5	59136
0.15406	51856.0	-23.2	59160
0.15413	51609.0	-23.6	59184
0.15419	51208.0	-24.7	59208
0.15425	50392.0	-25.9	59232
0.15431	50922.0	-25.2	59256
0.15438	51318.0	-24.9	59280
0.15444	50609.0	-27.9	59304
0.1545	48603.0	-30.7	59328
0.15456	50225.0	-27.3	59352
0.15463	50574.0	-24.1	59376
0.15469	50314.0	-22.7	59400
0.15475	50433.0	-22.2	59424
0.15481	50086.0	-22.8	59448
0.15488	49518.0	-24.0	59472
0.15494	49461.0	-24.1	59496
0.155	49644.0	-23.6	59520
0.15506	49547.0	-23.5	59544
0.15513	49649.0	-23.3	59568
0.15519	49641.0	-23.5	59592
0.15525	49327.0	-24.6	59616
0.15531	49124.0	-25.5	59640
0.15538	49072.0	-26.0	59664
0.15544	49137.0	-26.2	59688
0.1555	48975.0	-26.3	59712
0.15556	49120.0	-25.9	59736
0.15563	48998.0	-25.7	59760
0.15569	49242.0	-24.7	59784
0.15575	49585.0	-23.4	59808
0.15581	49640.0	-23.1	59832
0.15588	49665.0	-23.9	59856
0.15594	49224.0	-26.3	59880
0.156	48590.0	-28.7	59904
0.15606	48748.0	-29.8	59928
0.15613	48258.0	-30.6	59952
0.15619	48873.0	-29.2	59976
0.15625	49211.0	-27.5	60000
0.15631	49303.0	-26.6	60024
0.15637	49519.0	-26.3	60048
0.15644	49114.0	-27.3	60072
0.1565	48977.0	-28.4	60096
0.15656	48789.0	-29.3	60120
0.15662	48805.0	-29.3	60144
0.15669	49286.0	-28.1	60168
0.15675	49628.0	-27.1	60192
0.15681	49838.0	-27.1	60216
0.15687	49630.0	-28.7	60240
0.15694	49157.0	-31.4	60264
0.23644	81678.0	-54.8	90792
0.2365	81536.0	-44.7	90816
0.23656	79574.0	-39.8	90840
0.23662	76633.0	-36.6	90864
0.23669	75006.0	-33.3	90888
0.23675	72823.0	-30.7	90912
0.23681	71009.0	-28.1	90936
0.23688	69627.0	-26.7	90960
0.23694	67305.0	-27.6	90984
0.237	65377.0	-28.3	91008
0.23706	63994.0	-29.8	91032
0.23712	62092.0	-31.4	91056
0.23719	61372.0	-31.9	91080
0.23725	61285.0	-32.5	91104
0.23731	64133.0	-32.0	91128
0.23738	63647.0	-29.0	91152
0.23744	60713.0	-26.0	91176
0.2375	58689.0	-26.1	91200
0.23756	58401.0	-28.2	91224
0.23762	58606.0	-35.5	91248
0.23769	54351.0	-35.8	91272
0.23775	56621.0	-27.8	91296
0.23781	55675.0	-25.3	91320
0.23788	54557.0	-25.3	91344
0.23794	54042.0	-24.3	91368
0.238	54182.0	-22.1	91392
0.23806	54186.0	-20.6	91416
0.23812	53783.0	-20.6	91440
0.23819	53030.0	-21.9	91464
0.23825	52399.0	-23.1	91488
0.23831	51768.0	-23.4	91512
0.23838	52338.0	-21.2	91536
0.23844	52925.0	-19.1	91560
0.2385	52484.0	-19.8	91584
0.23856	51228.0	-22.2	91608
0.23862	51504.0	-22.5	91632
0.23869	51498.0	-22.6	91656
0.23875	51334.0	-23.2	91680
0.23881	51684.0	-23.7	91704
0.23888	52421.0	-25.6	91728
0.23894	53113.0	-31.7	91752
0.239	57177.0	-38.6	91776
0.23906	56335.0	-37.0	91800
0.23912	53461.0	-32.1	91824
0.23919	51452.0	-27.8	91848
0.23925	50812.0	-25.8	91872
0.23931	50604.0	-24.8	91896
0.23938	50447.0	-24.5	91920
0.23944	50067.0	-25.2	91944
0.2395	49742.0	-26.1	91968
0.23956	49741.0	-26.3	91992
0.23962	49597.0	-26.9	92016
0.23969	49083.0	-27.9	92040
0.23975	48872.0	-27.4	92064
0.23981	49461.0	-25.0	92088
0.23988	49802.0	-22.7	92112
0.23994	50123.0	-21.3	92136
0.24	49708.0	-21.5	92160
0.24006	49622.0	-22.1	92184
0.24012	49579.0	-22.9	92208
0.24019	49381.0	-24.2	92232
0.24025	48776.0	-25.5	92256
0.24031	49303.0	-24.7	92280
0.24038	49475.0	-24.1	92304
0.24044	49444.0	-24.3	92328
0.2405	49220.0	-25.3	92352
0.24056	48808.0	-26.5	92376
0.24062	48942.0	-26.9	92400
0.24069	48627.0	-26.9	92424
0.24075	49383.0	-25.2	92448
0.24081	49494.0	-24.5	92472
0.24088	49699.0	-24.5	92496
0.24094	49342.0	-26.2	92520
0.241	48757.0	-28.5	92544
0.24106	49319.0	-29.0	92568
0.24112	49383.0	-30.6	92592
0.24119	48293.0	-33.8	92616
0.24125	49062.0	-34.2	92640
0.24131	49415.0	-34.9	92664
0.24138	48768.0	-37.8	92688
0.24144	48833.0	-39.8	92712
0.2415	48602.0	-41.2	92736
0.24156	47922.0	-42.9	92760
0.24162	48448.0	-40.9	92784
0.24169	50846.0	-35.6	92808
0.24175	49596.0	-36.2	92832
0.24181	48647.0	-39.4	92856
0.24188	47314.0	-41.3	92880
0.24194	49532.0	-38.2	92904
0.242	50053.0	-36.2	92928
0.24206	48679.0	-37.2	92952
0.24212	49028.0	-36.0	92976
0.24219	49580.0	-33.5	93000
0.32544	39503.0	-65.1	124968
0.3255	20817.0	-61.7	124992
0.32556	79278.0	-46.6	125016
0.32562	77316.0	-35.8	125040
0.32569	75444.0	-29.5	125064
0.32575	73833.0	-26.5	125088
0.32581	71455.0	-27.2	125112
0.32588	68888.0	-29.4	125136
0.32594	67364.0	-33.1	125160
0.326	63809.0	-38.5	125184
0.32606	61913.0	-41.6	125208
0.32612	60443.0	-40.7	125232
0.32619	60473.0	-37.1	125256
0.32625	59724.0	-34.1	125280
0.32631	59335.0	-32.6	125304
0.32638	57936.0	-32.8	125328
0.32644	56741.0	-32.6	125352
0.3265	56201.0	-31.8	125376
0.32656	55510.0	-30.4	125400
0.32662	55305.0	-28.5	125424
0.32669	54897.0	-27.2	125448
0.32675	54091.0	-26.7	125472
0.32681	53912.0	-25.0	125496
0.32688	53850.0	-22.9	125520
0.32694	53459.0	-21.5	125544
0.327	53188.0	-20.5	125568
0.32706	52679.0	-19.8	125592
0.32712	52484.0	-18.7	125616
0.32719	52274.0	-17.7	125640
0.32725	51890.0	-17.3	125664
0.32731	51389.0	-17.4	125688
0.32738	51118.0	-17.1	125712
0.32744	51016.0	-16.5	125736
0.3275	50850.0	-16.1	125760
0.32756	50612.0	-15.8	125784
0.32762	50382.0	-15.4	125808
0.32769	50481.0	-14.7	125832
0.32775	50435.0	-14.3	125856
0.32781	50120.0	-14.7	125880
0.32788	49954.0	-15.1	125904
0.32794	49718.0	-15.7	125928
0.328	49488.0	-16.2	125952
0.32806	49437.0	-16.2	125976
0.32812	49450.0	-15.8	126000
0.32819	49386.0	-15.4	126024
0.32825	49383.0	-14.8	126048
0.32831	49418.0	-14.3	126072
0.32838	49275.0	-14.2	126096
0.32844	49147.0	-14.2	126120
0.3285	49169.0	-13.8	126144
0.32856	49219.0	-13.5	126168
0.32862	49161.0	-13.4	126192
0.32869	48976.0	-13.7	126216
0.32875	48924.0	-13.8	126240
0.32881	48949.0	-13.9	126264
0.32888	48883.0	-14.1	126288
0.32894	48751.0	-14.5	126312
0.329	48799.0	-14.7	126336
0.32906	48879.0	-14.9	126360
0.32912	48828.0	-15.1	126384
0.32919	48860.0	-15.2	126408
0.32925	48783.0	-15.6	126432
0.32931	48642.0	-16.2	126456
0.32938	48550.0	-16.8	126480
0.32944	48629.0	-17.0	126504
0.3295	48660.0	-17.2	126528
0.32956	48645.0	-17.6	126552
0.32962	48503.0	-18.1	126576
0.32969	48457.0	-18.2	126600
0.32975	48673.0	-17.8	126624
0.32981	48747.0	-17.5	126648
0.32988	48852.0	-17.5	126672
0.32994	48820.0	-17.9	126696
0.33	48802.0	-18.5	126720
0.33006	48865.0	-19.1	126744
0.33012	48901.0	-19.6	126768
0.33019	49006.0	-20.0	126792
0.33025	49250.0	-20.1	126816
0.33031	49350.0	-20.4	126840
0.33038	49452.0	-21.0	126864
0.33044	49509.0	-22.0	126888
0.40694	98590.0	-57.5	156264
0.407	93103.0	-47.0	156288
0.40706	87620.0	-37.3	156312
0.40712	83333.0	-33.9	156336
0.40719	80439.0	-32.9	156360
0.40725	75929.0	-32.6	156384
0.40731	74652.0	-28.2	156408
0.40738	73340.0	-24.8	156432
0.40744	71680.0	-23.9	156456
0.4075	68973.0	-25.7	156480
0.40756	66949.0	-27.5	156504
0.40762	65392.0	-28.7	156528
0.40769	65537.0	-30.9	156552
0.40775	61456.0	-38.9	156576
0.40781	60922.0	-40.5	156600
0.40788	72513.0	-37.9	156624
0.40794	74368.0	-41.3	156648
0.408	58866.0	-37.3	156672
0.40806	58787.0	-32.9	156696
0.40812	57194.0	-32.5	156720
0.40819	56686.0	-31.8	156744
0.40825	55928.0	-32.6	156768
0.40831	54547.0	-33.4	156792
0.40838	54218.0	-31.9	156816
0.40844	54431.0	-28.8	156840
0.4085	54520.0	-25.9	156864
0.40856	54161.0	-23.9	156888
0.40862	53615.0	-22.7	156912
0.40869	53196.0	-21.6	156936
0.40875	52959.0	-20.3	156960
0.40881	52777.0	-18.9	156984
0.40888	52619.0	-17.5	157008
0.40894	52495.0	-16.5	157032
0.409	52163.0	-16.5	157056
0.40906	51467.0	-17.3	157080
0.40912	51007.0	-17.5	157104
0.40919	51112.0	-16.4	157128
0.40925	51158.0	-15.2	157152
0.40931	51087.0	-14.5	157176
0.40938	50793.0	-14.6	157200
0.40944	50378.0	-15.0	157224
0.4095	50307.0	-15.1	157248
0.40956	50180.0	-15.1	157272
0.40962	50002.0	-15.2	157296
0.40969	49771.0	-15.4	157320
0.40975	49592.0	-15.4	157344
0.40981	49694.0	-14.9	157368
0.40988	49693.0	-14.6	157392
0.40994	49518.0	-14.8	157416
0.41	49437.0	-15.2	157440
0.41006	49166.0	-15.8	157464
0.41012	48931.0	-16.3	157488
0.41019	49067.0	-15.9	157512
0.41025	49008.0	-15.5	157536
0.41031	49035.0	-14.9	157560
0.41038	49114.0	-14.3	157584
0.41044	49126.0	-14.0	157608
0.4105	49111.0	-14.1	157632
0.41056	48752.0	-15.0	157656
0.41062	48580.0	-15.6	157680
0.41069	48833.0	-15.3	157704
0.41075	48806.0	-15.3	157728
0.41081	48759.0	-15.4	157752
0.41088	48881.0	-15.3	157776
0.41094	48864.0	-15.6	157800
0.411	48534.0	-16.6	157824
0.41106	48336.0	-17.1	157848
0.41112	48442.0	-16.9	157872
0.41119	48593.0	-16.4	157896
0.41125	48672.0	-16.2	157920
0.41131	48467.0	-16.4	157944
0.41138	48636.0	-16.3	157968
0.41144	48680.0	-16.5	157992
0.4115	48570.0	-17.0	158016
0.41156	48548.0	-17.4	158040
0.41162	48643.0	-17.5	158064
0.41169	48667.0	-17.8	158088
0.41175	48721.0	-18.1	158112
0.41181	48842.0	-18.5	158136
0.41188	48842.0	-19.3	158160
0.41194	48953.0	-19.9	158184
0.412	49209.0	-20.6	158208
0.41206	49418.0	-22.1	158232
0.41212	49410.0	-25.5	158256
0.41219	48290.0	-32.3	158280
0.41225	46584.0	-36.7	158304
0.41231	48065.0	-34.9	158328
0.41238	48458.0	-32.8	158352
0.41244	48727.0	-31.8	158376
0.4125	48683.0	-32.2	158400
0.41256	48042.0	-33.8	158424
0.41262	48104.0	-34.2	158448
0.41269	49110.0	-33.2	158472
0.41275	49171.0	-34.2	158496
0.41281	47623.0	-37.1	158520
0.41288	48785.0	-35.7	158544
0.41294	49013.0	-34.2	158568
0.413	48860.0	-33.3	158592
0.41306	49146.0	-32.1	158616
0.41312	49372.0	-31.3	158640
0.41319	49618.0	-31.2	158664
0.48944	8134.0	-61.4	187944
0.4895	103336.0	-53.6	187968
0.48956	96613.0	-39.9	187992
0.48962	92445.0	-30.6	188016
0.48969	89596.0	-26.0	188040
0.48975	86167.0	-23.7	188064
0.48981	83335.0	-21.5	188088
0.48988	80916.0	-20.5	188112
0.48994	77201.0	-20.6	188136
0.49	75467.0	-18.3	188160
0.49006	73228.0	-16.7	188184
0.49012	71136.0	-15.3	188208
0.49019	69667.0	-14.9	188232
0.49025	67099.0	-17.1	188256
0.49031	64173.0	-19.1	188280
0.49038	63092.0	-17.9	188304
0.49044	62283.0	-16.7	188328
0.4905	61029.0	-16.3	188352
0.49056	60250.0	-15.7	188376
0.49062	59536.0	-15.4	188400
0.49069	58553.0	-15.8	188424
0.49075	57714.0	-16.2	188448
0.49081	57281.0	-16.4	188472
0.49088	56280.0	-17.6	188496
0.49094	55377.0	-19.0	188520
0.491	54404.0	-19.9	188544
0.49106	54368.0	-18.6	188568
0.49112	54202.0	-16.7	188592
0.49119	54014.0	-15.3	188616
0.49125	53920.0	-14.8	188640
0.49131	52777.0	-16.9	188664
0.49138	51654.0	-17.5	188688
0.49144	52327.0	-15.0	188712
0.4915	52169.0	-13.1	188736
0.49156	52414.0	-11.7	188760
0.49162	51558.0	-12.7	188784
0.49169	50675.0	-13.5	188808
0.49175	50935.0	-12.3	188832
0.49181	50876.0	-11.1	188856
0.49188	50887.0	-10.1	188880
0.49194	50790.0	-9.8	188904
0.492	50504.0	-10.5	188928
0.49206	49874.0	-11.8	188952
0.49212	49461.0	-12.2	188976
0.49219	49934.0	-10.8	189000
0.49225	50184.0	-9.6	189024
0.49231	50064.0	-9.8	189048
0.49238	49581.0	-11.4	189072
0.49244	48980.0	-13.2	189096
0.4925	48973.0	-13.5	189120
0.49256	49089.0	-13.1	189144
0.49262	49177.0	-12.5	189168
0.49269	49592.0	-11.6	189192
0.49275	49260.0	-12.0	189216
0.49281	48926.0	-12.6	189240
0.49288	49099.0	-12.3	189264
0.49294	49095.0	-12.0	189288
0.493	49307.0	-11.5	189312
0.49306	49417.0	-11.5	189336
0.49312	49161.0	-12.6	189360
0.49319	48863.0	-13.9	189384
0.49325	49218.0	-14.4	189408
0.49331	48920.0	-15.8	189432
0.49338	48788.0	-17.0	189456
0.49344	48864.0	-17.6	189480
0.4935	48947.0	-18.1	189504
0.49356	48946.0	-18.7	189528
0.49362	48845.0	-19.3	189552
0.49369	49274.0	-18.9	189576
0.49375	49592.0	-18.8	189600
0.49381	49487.0	-19.4	189624
0.49388	50141.0	-19.7	189648
0.49394	49632.0	-21.6	189672
0.494	49426.0	-22.9	189696
0.49406	49963.0	-22.9	189720
0.49412	49866.0	-23.6	189744
0.49419	49930.0	-24.8	189768
0.49425	49978.0	-26.6	189792
0.49431	49891.0	-30.5	189816
0.49438	48883.0	-37.4	189840
0.49444	56583.0	-37.8	189864
0.4945	53146.0	-31.5	189888
0.49456	51083.0	-29.2	189912
0.49462	50050.0	-29.4	189936
0.49469	49775.0	-30.0	189960
0.49475	49339.0	-30.8	189984
0.49481	49673.0	-30.5	190008
0.49488	49715.0	-30.7	190032
0.49494	49144.0	-30.7	190056
0.58519	75340.0	-36.1	224712
0.58525	73726.0	-36.1	224736
0.58531	71080.0	-40.4	224760
0.58538	66149.0	-43.2	224784
0.58544	66349.0	-38.0	224808
0.5855	66050.0	-34.5	224832
0.58556	63773.0	-34.8	224856
0.58562	63379.0	-35.2	224880
0.58569	61737.0	-39.2	224904
0.58575	59623.0	-44.6	224928
0.58581	72305.0	-45.0	224952
0.58588	60438.0	-45.7	224976
0.58594	57797.0	-42.2	225000
0.586	55900.0	-40.4	225024
0.58606	56053.0	-37.3	225048
0.58612	55139.0	-36.0	225072
0.58619	54528.0	-34.4	225096
0.58625	54482.0	-32.3	225120
0.58631	54103.0	-30.9	225144
0.58638	53458.0	-30.2	225168
0.58644	53190.0	-28.8	225192
0.5865	53095.0	-27.3	225216
0.58656	52913.0	-25.9	225240
0.58662	52805.0	-25.1	225264
0.58669	52454.0	-25.3	225288
0.58675	51906.0	-26.5	225312
0.58681	51320.0	-28.0	225336
0.58688	51246.0	-28.8	225360
0.58694	50966.0	-30.0	225384
0.587	49630.0	-31.8	225408
0.58706	50198.0	-29.9	225432
0.58712	51140.0	-26.2	225456
0.58719	50888.0	-25.1	225480
0.58725	50589.0	-25.3	225504
0.58731	50430.0	-26.2	225528
0.58738	50195.0	-28.3	225552
0.58744	49294.0	-31.7	225576
0.5875	48539.0	-34.6	225600
0.58756	48240.0	-34.7	225624
0.58762	49087.0	-31.9	225648
0.58769	49251.0	-29.5	225672
0.58775	49241.0	-27.7	225696
0.58781	49693.0	-25.4	225720
0.58788	49948.0	-23.7	225744
0.58794	49737.0	-23.7	225768
0.588	49377.0	-24.7	225792
0.58806	49216.0	-25.6	225816
0.58812	48888.0	-26.9	225840
0.58819	48499.0	-27.5	225864
0.58825	49300.0	-25.5	225888
0.58831	49653.0	-24.4	225912
0.58838	49201.0	-25.2	225936
0.58844	48986.0	-26.1	225960
0.5885	48958.0	-26.7	225984
0.58856	48954.0	-27.2	226008
0.58862	49054.0	-27.4	226032
0.58869	49141.0	-27.5	226056
0.58875	49512.0	-27.5	226080
0.58881	49722.0	-28.6	226104
0.58888	49329.0	-31.2	226128
0.58894	48816.0	-33.7	226152
0.66894	98893.0	-41.6	256872
0.669	97708.0	-36.1	256896
0.66906	95283.0	-36.6	256920
0.66912	87769.0	-32.7	256944
0.66919	85158.0	-29.4	256968
0.66925	82063.0	-29.5	256992
0.66931	77622.0	-30.2	257016
0.66938	75600.0	-26.7	257040
0.66944	73381.0	-23.7	257064
0.6695	71694.0	-21.1	257088
0.66956	69796.0	-20.9	257112
0.66962	68078.0	-21.8	257136
0.66969	67508.0	-24.2	257160
0.66975	67707.0	-26.5	257184
0.66981	64366.0	-25.6	257208
0.66988	62366.0	-23.1	257232
0.66994	60946.0	-23.8	257256
0.67	58340.0	-26.8	257280
0.67006	58123.0	-25.6	257304
0.67012	62121.0	-24.2	257328
0.67019	64247.0	-25.4	257352
0.67025	56744.0	-20.7	257376
0.67031	56155.0	-17.4	257400
0.67038	55878.0	-15.8	257424
0.67044	55413.0	-16.0	257448
0.6705	54002.0	-18.8	257472
0.67056	52853.0	-19.5	257496
0.67062	53740.0	-17.3	257520
0.67069	53199.0	-16.5	257544
0.67075	53068.0	-16.8	257568
0.67081	53060.0	-17.6	257592
0.67088	56575.0	-19.0	257616
0.67094	57423.0	-21.8	257640
0.671	51699.0	-21.6	257664
0.67106	51700.0	-18.2	257688
0.67112	50811.0	-17.1	257712
0.67119	50997.0	-15.8	257736
0.67125	50555.0	-15.0	257760
0.67131	50565.0	-14.3	257784
0.67138	50451.0	-14.0	257808
0.67144	50150.0	-14.2	257832
0.6715	50610.0	-14.4	257856
0.67156	50359.0	-17.1	257880
0.67162	48142.0	-21.8	257904
0.67169	48762.0	-21.5	257928
0.67175	49837.0	-19.5	257952
0.67181	48845.0	-20.7	257976
0.67188	48274.0	-20.7	258000
0.67194	49367.0	-17.0	258024
0.672	50219.0	-13.4	258048
0.67206	50597.0	-12.1	258072
0.67212	50445.0	-14.1	258096
0.67219	50725.0	-20.9	258120
0.67225	54304.0	-25.0	258144
0.67231	49401.0	-18.9	258168
0.67238	49605.0	-15.3	258192
0.67244	49585.0	-13.8	258216
0.6725	49311.0	-14.2	258240
0.67256	48743.0	-15.2	258264
0.67262	49218.0	-15.1	258288
0.67269	49055.0	-15.6	258312
0.67275	49175.0	-16.6	258336
0.67281	48810.0	-18.1	258360
0.67288	49609.0	-18.9	258384
0.67294	48244.0	-22.1	258408
0.673	48853.0	-22.2	258432
0.67306	49841.0	-20.8	258456
0.67312	49714.0	-22.2	258480
0.67319	48867.0	-25.0	258504
0.67325	49175.0	-26.3	258528
0.67331	50192.0	-27.5	258552
0.67338	47896.0	-33.5	258576
0.67344	48874.0	-31.9	258600
0.6735	50180.0	-27.0	258624
0.67356	48677.0	-26.9	258648
0.67362	49295.0	-24.8	258672
0.67369	50153.0	-23.0	258696
0.67375	49257.0	-24.2	258720
0.67381	49787.0	-25.1	258744
0.67388	48924.0	-28.3	258768
0.67394	47877.0	-30.9	258792
0.84744	83426.0	-31.0	325416
0.8475	76777.0	-36.5	325440
0.84756	76384.0	-34.4	325464
0.84762	75791.0	-32.1	325488
0.84769	73255.0	-27.1	325512
0.84775	70099.0	-23.9	325536
0.84781	67168.0	-25.1	325560
0.84788	64005.0	-27.9	325584
0.84794	61512.0	-29.1	325608
0.848	60774.0	-27.3	325632
0.84806	60533.0	-24.6	325656
0.84812	59798.0	-22.8	325680
0.84819	59270.0	-22.0	325704
0.84825	58230.0	-22.1	325728
0.84831	58179.0	-21.5	325752
0.84838	57288.0	-21.7	325776
0.84844	57383.0	-21.1	325800
0.8485	55955.0	-21.1	325824
0.84856	55759.0	-19.7	325848
0.84862	54972.0	-19.2	325872
0.84869	53802.0	-19.1	325896
0.84875	53814.0	-17.5	325920
0.84881	53776.0	-16.7	325944
0.84888	52707.0	-18.2	325968
0.84894	51961.0	-20.1	325992
0.849	51398.0	-21.2	326016
0.84906	51867.0	-21.6	326040
0.84912	49638.0	-23.9	326064
0.84919	51139.0	-20.6	326088
0.84925	51584.0	-16.7	326112
0.84931	50596.0	-16.3	326136
0.84938	50173.0	-15.6	326160
0.84944	50653.0	-13.9	326184
0.8495	50739.0	-13.0	326208
0.84956	50340.0	-14.6	326232
0.84962	49025.0	-16.6	326256
0.84969	49831.0	-15.8	326280
0.84975	49266.0	-15.9	326304
0.84981	49151.0	-15.6	326328
0.84988	49526.0	-14.2	326352
0.84994	49792.0	-13.4	326376
0.85	49541.0	-13.6	326400
0.85006	49773.0	-14.1	326424
0.85012	49634.0	-15.8	326448
0.85019	48777.0	-19.5	326472
0.85025	47414.0	-22.5	326496
0.85031	48760.0	-20.2	326520
0.85038	49466.0	-17.6	326544
0.85044	49014.0	-17.6	326568
0.8505	48783.0	-17.7	326592
0.85056	49339.0	-17.0	326616
0.85062	48913.0	-17.6	326640
0.85069	48793.0	-18.1	326664
0.85075	48810.0	-17.8	326688
0.85081	49669.0	-16.5	326712
0.85088	49713.0	-17.0	326736
0.85094	49515.0	-19.4	326760
0.851	49032.0	-23.0	326784
0.85106	48593.0	-26.8	326808
0.85112	48235.0	-28.9	326832
0.85119	50111.0	-27.5	326856
0.85125	50211.0	-29.0	326880
0.85131	48226.0	-32.5	326904
0.85138	51672.0	-28.1	326928
0.85144	51794.0	-24.6	326952
0.8515	51482.0	-23.5	326976
0.85156	50930.0	-24.2	327000
0.85162	49912.0	-27.9	327024
0.85169	48060.0	-32.0	327048
0.85175	48743.0	-31.6	327072
0.85181	49415.0	-29.8	327096
0.85188	48891.0	-30.4	327120
0.85194	48079.0	-31.0	327144
0.852	48878.0	-29.3	327168
0.85206	49152.0	-27.7	327192
0.85212	49995.0	-26.7	327216
0.85219	49170.0	-29.8	327240
0.85225	47792.0	-33.5	327264
0.85231	48156.0	-34.1	327288
0.85238	48597.0	-32.7	327312
0.85244	50051.0	-29.6	327336
0.8525	50600.0	-29.8	327360
0.85256	48185.0	-34.9	327384
0.85262	47343.0	-36.9	327408
0.85269	49855.0	-33.9	327432
0.85275	50733.0	-33.3	327456
0.85281	48459.0	-39.1	327480
0.85288	56088.0	-37.9	327504
0.85294	55273.0	-36.8	327528
0.853	53788.0	-38.3	327552
0.85306	50085.0	-37.4	327576
0.85312	49535.0	-36.4	327600
0.85319	49698.0	-35.3	327624
0.85325	50270.0	-33.8	327648
0.85331	51103.0	-32.5	327672
0.85338	51390.0	-33.6	327696
0.85344	51112.0	-37.3	327720
0.8535	53904.0	-41.9	327744
0.85356	55444.0	-46.4	327768
0.85362	52528.0	-50.6	327792
0.85369	54215.0	-50.3	327816
0.85375	51536.0	-44.9	327840
0.85381	52238.0	-40.2	327864
0.85388	52014.0	-40.2	327888
0.85394	53141.0	-43.0	327912
0.854	53562.0	-45.6	327936
0.85406	52264.0	-43.6	327960
0.85412	50886.0	-40.8	327984
0.85419	49440.0	-39.3	328008
0.85425	49517.0	-36.9	328032
0.85431	49492.0	-34.8	328056
0.85438	49644.0	-32.9	328080
0.85444	49633.0	-32.1	328104
1.03994	8851.0	-62.2	399336
1.04	95564.0	-50.5	399360
1.04006	87334.0	-38.2	399384
1.04012	84508.0	-32.4	399408
1.04019	80993.0	-30.7	399432
1.04025	78123.0	-29.5	399456
1.04031	77489.0	-28.0	399480
1.04038	76254.0	-27.1	399504
1.04044	72188.0	-27.1	399528
1.0405	68777.0	-26.0	399552
1.04056	67361.0	-25.2	399576
1.04062	66414.0	-26.1	399600
1.04069	64927.0	-27.7	399624
1.04075	63551.0	-25.3	399648
1.04081	62643.0	-21.5	399672
1.04088	61274.0	-21.1	399696
1.04094	58581.0	-22.8	399720
1.041	58109.0	-22.0	399744
1.04106	57443.0	-20.8	399768
1.04112	57279.0	-19.8	399792
1.04119	55900.0	-20.4	399816
1.04125	55570.0	-19.5	399840
1.04131	55654.0	-18.0	399864
1.04138	54861.0	-18.1	399888
1.04144	53947.0	-18.3	399912
1.0415	53676.0	-17.4	399936
1.04156	53473.0	-15.9	399960
1.04162	53262.0	-14.5	399984
1.04169	52844.0	-14.0	400008
1.04175	52227.0	-13.7	400032
1.04181	52336.0	-13.0	400056
1.04188	51724.0	-14.0	400080
1.04194	50728.0	-15.5	400104
1.042	50531.0	-15.2	400128
1.04206	50875.0	-13.8	400152
1.04212	50347.0	-13.3	400176
1.04219	50162.0	-12.3	400200
1.04225	50512.0	-10.8	400224
1.04231	50380.0	-10.0	400248
1.04238	50213.0	-10.3	400272
1.04244	49841.0	-11.5	400296
1.0425	49272.0	-13.3	400320
1.04256	48629.0	-14.2	400344
1.04262	49418.0	-12.4	400368
1.04269	49363.0	-11.4	400392
1.04275	49338.0	-10.9	400416
1.04281	49242.0	-11.0	400440
1.04288	48799.0	-11.7	400464
1.04294	48961.0	-11.5	400488
1.043	49114.0	-11.1	400512
1.04306	49054.0	-11.4	400536
1.04312	48663.0	-12.3	400560
1.04319	48625.0	-12.8	400584
1.04325	48339.0	-13.1	400608
1.04331	48638.0	-12.2	400632
1.04338	48926.0	-11.1	400656
1.04344	48880.0	-10.7	400680
1.0435	48888.0	-10.6	400704
1.04356	48674.0	-11.0	400728
1.04362	48669.0	-11.1	400752
1.04369	48842.0	-10.7	400776
1.04375	48974.0	-10.6	400800
1.04381	49110.0	-11.1	400824
1.04388	48630.0	-12.9	400848
1.04394	48292.0	-14.1	400872
1.044	48910.0	-13.5	400896
1.04406	49168.0	-13.2	400920
1.04412	49143.0	-14.0	400944
1.04419	48814.0	-15.6	400968
1.04425	48991.0	-16.8	400992
1.04431	48788.0	-18.1	401016
1.04438	49002.0	-18.9	401040
1.04444	49464.0	-19.5	401064
1.0445	49522.0	-21.5	401088
1.04456	49233.0	-26.1	401112
1.04462	46822.0	-30.4	401136
1.04469	49374.0	-27.9	401160
1.04475	49335.0	-27.2	401184
1.04481	48410.0	-29.0	401208
1.04488	48802.0	-28.9	401232
1.04494	49371.0	-28.1	401256
1.2181899999999999	61682.0	-38.0	467784
1.21825	59883.0	-37.1	467808
1.21831	58288.0	-36.4	467832
1.21838	58467.0	-33.1	467856
1.21844	58086.0	-30.5	467880
1.2185	57671.0	-29.3	467904
1.21856	56822.0	-28.7	467928
1.21862	56968.0	-26.6	467952
1.21869	56461.0	-24.9	467976
1.21875	55746.0	-23.9	468000
1.21881	54787.0	-23.7	468024
1.21888	54202.0	-23.2	468048
1.21894	53738.0	-22.9	468072
1.219	53199.0	-23.4	468096
1.21906	52341.0	-24.1	468120
1.21912	52383.0	-23.4	468144
1.21919	52419.0	-22.7	468168
1.21925	52206.0	-23.3	468192
1.2193100000000001	51343.0	-25.5	468216
1.21938	51327.0	-26.5	468240
1.21944	51898.0	-28.1	468264
1.2195	49260.0	-32.0	468288
1.21956	50984.0	-29.1	468312
1.21962	50239.0	-27.1	468336
1.21969	50612.0	-24.6	468360
1.21975	50947.0	-22.5	468384
1.21981	50075.0	-22.6	468408
1.21988	50066.0	-22.1	468432
1.21994	50125.0	-21.4	468456
1.22	49813.0	-21.3	468480
1.22006	50007.0	-21.5	468504
1.22012	49092.0	-22.6	468528
1.22019	49910.0	-21.8	468552
1.22025	50173.0	-22.1	468576
1.22031	49293.0	-25.3	468600
1.22038	48527.0	-29.0	468624
1.22044	48826.0	-31.5	468648
1.2205	47060.0	-35.7	468672
1.22056	48759.0	-34.0	468696
1.22062	49471.0	-31.0	468720
1.22069	52032.0	-33.5	468744
1.22075	54302.0	-33.2	468768
1.22081	49891.0	-26.2	468792
1.22088	49350.0	-23.5	468816
1.22094	48760.0	-22.8	468840
1.221	48783.0	-21.8	468864
1.22106	49133.0	-20.6	468888
1.22112	49314.0	-20.9	468912
1.22119	48379.0	-24.1	468936
1.22125	47241.0	-25.8	468960
1.22131	48831.0	-22.8	468984
1.22138	48775.0	-21.5	469008
1.22144	48548.0	-21.7	469032
1.2215	48295.0	-22.2	469056
1.22156	48501.0	-22.1	469080
1.22162	48160.0	-22.4	469104
1.22169	48734.0	-21.7	469128
1.2217500000000001	48733.0	-21.8	469152
1.22181	48502.0	-23.0	469176
1.22188	48190.0	-24.9	469200
1.22194	47676.0	-27.0	469224
1.222	47392.0	-27.8	469248
1.22206	47731.0	-26.6	469272
1.22212	48316.0	-24.5	469296
1.2221899999999999	48710.0	-22.9	469320
1.22225	48521.0	-22.9	469344
1.22231	48303.0	-23.5	469368
1.22238	48442.0	-23.7	469392
1.22244	48330.0	-24.1	469416
1.2225	48033.0	-24.4	469440
1.22256	48380.0	-24.0	469464
1.22262	48704.0	-23.3	469488
1.22269	48803.0	-23.3	469512
1.22275	48743.0	-24.0	469536
1.22281	48689.0	-25.2	469560
1.22288	48397.0	-27.1	469584
1.22294	48164.0	-28.6	469608
1.223	48476.0	-28.6	469632
1.22306	48706.0	-28.7	469656
1.22312	48469.0	-29.9	469680
1.22319	48441.0	-30.9	469704
1.22325	48668.0	-31.4	469728
1.2233100000000001	48185.0	-32.5	469752
1.22338	48516.0	-32.5	469776
1.22344	49222.0	-32.0	469800
1.2235	48359.0	-34.2	469824
1.22356	47626.0	-35.4	469848
1.22362	48797.0	-33.5	469872
1.22369	48463.0	-33.0	469896
1.22375	48391.0	-32.8	469920
1.22381	48384.0	-32.4	469944
1.22388	48497.0	-31.9	469968
1.22394	48571.0	-31.3	469992
1.224	48875.0	-30.3	470016
1.22406	48775.0	-29.9	470040
1.22412	48716.0	-29.8	470064
1.2241900000000001	48747.0	-29.7	470088
1.22425	48759.0	-29.9	470112
1.22431	48673.0	-30.5	470136
1.22438	48334.0	-31.9	470160
1.22444	47786.0	-32.9	470184
1.2245	48592.0	-31.3	470208
1.22456	49141.0	-29.6	470232
1.22462	49277.0	-29.4	470256
1.22469	49237.0	-31.0	470280
1.39319	67244.0	-38.1	534984
1.39325	63782.0	-37.8	535008
1.39331	64359.0	-35.6	535032
1.39338	60480.0	-35.5	535056
1.39344	61106.0	-30.6	535080
1.3935	60340.0	-27.7	535104
1.39356	60156.0	-25.8	535128
1.39362	60959.0	-25.3	535152
1.3936899999999999	61442.0	-27.4	535176
1.39375	60176.0	-30.0	535200
1.39381	56639.0	-31.4	535224
1.39388	55124.0	-30.2	535248
1.39394	55075.0	-26.8	535272
1.3940000000000001	55426.0	-22.9	535296
1.39406	55309.0	-20.8	535320
1.39412	54694.0	-20.6	535344
1.39419	54112.0	-21.3	535368
1.39425	53698.0	-21.8	535392
1.39431	53938.0	-21.4	535416
1.39438	54308.0	-21.7	535440
1.39444	53589.0	-25.7	535464
1.3945	51883.0	-27.9	535488
1.39456	54367.0	-24.5	535512
1.39462	54677.0	-27.7	535536
1.39469	50739.0	-29.6	535560
1.39475	56269.0	-25.7	535584
1.39481	58717.0	-28.9	535608
1.3948800000000001	51058.0	-25.0	535632
1.39494	51073.0	-20.4	535656
1.395	52022.0	-16.7	535680
1.39506	51312.0	-16.9	535704
1.39512	50774.0	-18.6	535728
1.39519	51010.0	-21.1	535752
1.3952499999999999	51120.0	-27.5	535776
1.39531	54319.0	-29.7	535800
1.39538	51271.0	-21.5	535824
1.39544	51253.0	-17.2	535848
1.3955	51621.0	-17.1	535872
1.3955600000000001	49501.0	-22.5	535896
1.39562	48120.0	-27.1	535920
1.39569	47456.0	-27.8	535944
1.39575	49362.0	-23.6	535968
1.39581	50110.0	-21.0	535992
1.39588	48665.0	-22.5	536016
1.39594	48518.0	-22.9	536040
1.396	48574.0	-22.6	536064
1.39606	47835.0	-22.2	536088
1.39612	49440.0	-18.6	536112
1.39619	49386.0	-17.4	536136
1.39625	48572.0	-18.4	536160
1.39631	48967.0	-18.9	536184
1.39638	47544.0	-21.3	536208
1.3964400000000001	47927.0	-20.9	536232
1.3965	48160.0	-18.9	536256
1.39656	48720.0	-16.6	536280
1.39662	49068.0	-15.2	536304
1.39669	48629.0	-15.9	536328
1.39675	48439.0	-16.6	536352
1.3968099999999999	48804.0	-17.0	536376
1.39688	48210.0	-19.0	536400
1.39694	47757.0	-20.6	536424
1.397	48305.0	-20.3	536448
1.39706	48755.0	-20.1	536472
1.39712	48554.0	-22.3	536496
1.39719	46947.0	-25.9	536520
1.39725	47954.0	-25.4	536544
1.39731	48534.0	-24.2	536568
1.39738	47904.0	-25.8	536592
1.39744	46884.0	-28.7	536616
1.3975	46809.0	-27.6	536640
1.39756	48486.0	-22.0	536664
1.3976199999999999	48543.0	-18.7	536688
1.3976899999999999	48756.0	-16.8	536712
1.39775	48768.0	-16.2	536736
1.39781	48671.0	-16.5	536760
1.39788	48951.0	-17.4	536784
1.39794	48475.0	-20.1	536808
1.3980000000000001	47930.0	-23.8	536832
1.39806	47297.0	-26.7	536856
1.39812	47666.0	-27.8	536880
1.39819	47207.0	-28.1	536904
1.39825	47937.0	-26.1	536928
1.39831	48485.0	-23.8	536952
1.39838	48451.0	-22.9	536976
1.39844	48024.0	-22.9	537000
1.3985	48226.0	-22.2	537024
1.39856	48465.0	-21.4	537048
1.39862	48189.0	-21.3	537072
1.39869	48413.0	-20.7	537096
1.39875	48720.0	-20.1	537120
1.39881	48701.0	-20.6	537144
1.3988800000000001	48407.0	-22.0	537168
1.39894	48599.0	-23.3	537192
1.399	48500.0	-25.0	537216
1.39906	48447.0	-26.7	537240
1.39912	48518.0	-28.3	537264
1.39919	47827.0	-29.9	537288
1.3992499999999999	48805.0	-28.6	537312
1.39931	48824.0	-27.8	537336
1.39938	48385.0	-27.6	537360
1.39944	48677.0	-26.5	537384
1.3995	49071.0	-25.4	537408
1.3995600000000001	48800.0	-26.1	537432
1.39962	48068.0	-27.5	537456
1.39969	48127.0	-27.5	537480
1.39975	48438.0	-26.4	537504
1.39981	48845.0	-25.4	537528
1.39988	48896.0	-25.5	537552
1.39994	48660.0	-27.1	537576
1.4	47894.0	-29.3	537600
1.40006	47945.0	-30.6	537624
1.40012	47569.0	-31.4	537648
1.40019	48244.0	-30.9	537672
1.40025	47840.0	-31.0	537696
1.40031	48159.0	-30.0	537720
1.40038	48410.0	-28.7	537744
1.4004400000000001	48549.0	-27.9	537768
1.4005	48715.0	-27.5	537792
1.40056	48303.0	-28.2	537816
1.40062	48405.0	-28.4	537840
1.40069	48433.0	-28.6	537864
1.40075	48348.0	-28.6	537888
1.4008099999999999	48788.0	-28.0	537912
1.40088	48736.0	-28.4	537936
1.40094	48626.0	-29.4	537960
1.401	48486.0	-30.5	537984
1.40106	48439.0	-31.1	538008
1.40112	48845.0	-31.1	538032
1.40119	49071.0	-32.5	538056
1.40125	47486.0	-36.0	538080
1.40131	48731.0	-35.2	538104
1.40138	48926.0	-34.3	538128
1.40144	48794.0	-35.6	538152
1.4015	47960.0	-37.9	538176
1.40156	48248.0	-39.3	538200
1.4016199999999999	48251.0	-41.5	538224
1.4016899999999999	46560.0	-42.7	538248
1.40175	48454.0	-39.4	538272
1.40181	49125.0	-36.7	538296
1.40188	48193.0	-37.7	538320
1.40194	48158.0	-37.6	538344
1.4020000000000001	48704.0	-37.1	538368
1.40206	47591.0	-37.9	538392
1.40212	49047.0	-35.9	538416
1.40219	49739.0	-35.8	538440
1.40225	47553.0	-40.0	538464
1.40231	47776.0	-40.5	538488
1.40238	48751.0	-38.2	538512
1.40244	48689.0	-36.9	538536
1.4025	49710.0	-35.0	538560
1.40256	49231.0	-35.5	538584
1.40262	49622.0	-36.2	538608
1.40269	50417.0	-37.5	538632
1.40275	48071.0	-43.5	538656
1.4028100000000001	48692.0	-43.5	538680
1.4028800000000001	49419.0	-40.1	538704
1.40294	49269.0	-38.8	538728
1.403	48943.0	-37.6	538752
1.40306	49373.0	-35.9	538776
1.40312	49548.0	-35.6	538800
1.40319	48733.0	-37.6	538824
1.4032499999999999	48319.0	-39.5	538848
1.40331	48462.0	-40.5	538872
1.40338	48081.0	-41.1	538896
1.40344	48322.0	-40.4	538920
1.4035	49575.0	-38.3	538944
1.40356	50280.0	-37.4	538968
1.40362	50534.0	-39.7	538992
1.40369	49967.0	-45.7	539016
1.40375	47218.0	-51.9	539040
1.40381	47748.0	-50.3	539064
1.40388	49742.0	-43.3	539088
1.40394	50673.0	-37.1	539112
1.404	50164.0	-34.5	539136
1.4040599999999999	49817.0	-33.3	539160
1.40412	49596.0	-33.2	539184
1.40419	49398.0	-33.5	539208
1.40425	49637.0	-34.2	539232
1.40431	49955.0	-37.1	539256
1.40438	48115.0	-44.9	539280
1.4044400000000001	47752.0	-45.6	539304
1.4045	48593.0	-41.5	539328
1.40456	48669.0	-39.7	539352
1.40462	49202.0	-38.9	539376
1.40469	48510.0	-40.9	539400
1.40475	47333.0	-42.4	539424
1.40481	49656.0	-39.8	539448
1.40488	50092.0	-40.5	539472
1.40494	46341.0	-47.5	539496
1.405	48260.0	-45.6	539520
1.40506	48891.0	-40.3	539544
1.40512	49014.0	-38.4	539568
1.40519	48575.0	-39.4	539592
1.40525	47888.0	-41.8	539616
1.40531	46925.0	-42.7	539640
1.40538	48621.0	-39.3	539664
1.40544	49379.0	-36.5	539688
1.4055	48842.0	-37.5	539712
1.40556	47728.0	-40.0	539736
1.4056199999999999	47341.0	-40.7	539760
1.4056899999999999	47872.0	-38.9	539784
